  0.000625  0.0797735
  0.001875 0.00753046
  0.003125 0.000299065
  0.004375 0.000167416
  0.005625 9.22757e-05
  0.006875 3.85769e-06
  0.008125 5.83479e-05
  0.009375 0.000215797
  0.010625 0.000531818
  0.011875 1.55963e-06
  0.013125 0.00217481
  0.014375 0.000735491
  0.015625 0.00151197
  0.016875 0.000447771
  0.018125 0.00062798
  0.019375 0.000799115
  0.020625 0.000761807
  0.021875 0.000391044
  0.023125 0.000176188
  0.024375 6.56232e-05
  0.025625 2.06313e-05
  0.026875 5.19414e-06
  0.028125 1.14408e-06
  0.029375 2.15996e-07
  0.030625 3.95324e-08
  0.031875 6.47494e-09
  0.033125 1.01731e-09
  0.034375 1.55141e-10
  0.035625 2.3003e-11
  0.036875 2.93362e-12
  0.038125 3.87675e-13
  0.039375 4.69526e-14
  0.040625 5.23063e-15
  0.041875      1e-15
  0.043125      1e-15
  0.044375      1e-15
  0.045625      1e-15
  0.046875      1e-15
  0.048125      1e-15
  0.049375      1e-15
  0.050625      1e-15
  0.051875      1e-15
  0.053125      1e-15
  0.054375      1e-15
  0.055625      1e-15
  0.056875      1e-15
  0.058125      1e-15
  0.059375 5.23074e-15
  0.060625 4.69536e-14
  0.061875 3.87684e-13
  0.063125 2.93369e-12
  0.064375 2.30033e-11
  0.065625 1.55143e-10
  0.066875 1.01732e-09
  0.068125 6.47505e-09
  0.069375 3.95331e-08
  0.070625   2.16e-07
  0.071875 1.14411e-06
  0.073125 5.19425e-06
  0.074375 2.06317e-05
  0.075625 6.56251e-05
  0.076875 0.000176193
  0.078125 0.00039106
  0.079375 0.000761836
  0.080625 0.00079915
  0.081875 0.000628032
  0.083125 0.00044782
  0.084375 0.00151205
  0.085625 0.000735577
  0.086875 0.00217503
  0.088125 1.5599e-06
  0.089375 0.000531827
  0.090625  0.0002158
  0.091875 5.83417e-05
  0.093125 3.85925e-06
  0.094375 9.22918e-05
  0.095625 0.00016744
  0.096875 0.000299058
  0.098125  0.0075305
  0.099375  0.0797738
