  0.000625    14.1542
  0.001875    138.085
  0.003125    953.476
  0.004375    1445.43
  0.005625    1139.58
  0.006875     801.65
  0.008125    281.217
  0.009375    12.6396
  0.010625    717.411
  0.011875    1011.19
  0.013125    417.751
  0.014375    145.618
  0.015625    76.6117
  0.016875    405.522
  0.018125    516.296
  0.019375    296.604
  0.020625    326.214
  0.021875    394.792
  0.023125    380.739
  0.024375    306.941
  0.025625     236.98
  0.026875    176.592
  0.028125    127.306
  0.029375    90.3851
  0.030625    64.2071
  0.031875    45.9573
  0.033125    33.1543
  0.034375     24.032
  0.035625    17.4409
  0.036875    12.6337
  0.038125     9.1133
  0.039375    6.53578
  0.040625    4.65378
  0.041875    3.28499
  0.043125    2.29301
  0.044375     1.5749
  0.045625    1.05235
  0.046875   0.665186
  0.048125   0.366171
  0.049375   0.116729
  0.050625   0.116731
  0.051875   0.366173
  0.053125   0.665188
  0.054375    1.05235
  0.055625     1.5749
  0.056875    2.29302
  0.058125    3.28499
  0.059375    4.65379
  0.060625     6.5358
  0.061875    9.11332
  0.063125    12.6337
  0.064375     17.441
  0.065625    24.0321
  0.066875    33.1545
  0.068125    45.9576
  0.069375    64.2075
  0.070625    90.3856
  0.071875    127.307
  0.073125    176.593
  0.074375    236.982
  0.075625    306.944
  0.076875    380.743
  0.078125    394.796
  0.079375     326.22
  0.080625    296.614
  0.081875    516.301
  0.083125    405.521
  0.084375    76.6147
  0.085625    145.618
  0.086875     417.74
  0.088125     1011.2
  0.089375    717.425
  0.090625    12.6398
  0.091875    281.213
  0.093125    801.641
  0.094375    1139.56
  0.095625    1445.42
  0.096875    953.468
  0.098125    138.082
  0.099375     14.155
