  0.000625 0.00085967
  0.001875 8.64109e-05
  0.003125 1.20957e-06
  0.004375 4.60121e-07
  0.005625 3.78825e-07
  0.006875 1.86482e-08
  0.008125 9.98945e-07
  0.009375 6.23034e-05
  0.010625 2.36269e-06
  0.011875 6.37877e-09
  0.013125 2.00263e-05
  0.014375 1.3299e-05
  0.015625 9.26666e-05
  0.016875 4.7653e-06
  0.018125 4.98016e-06
  0.019375 1.2657e-05
  0.020625 1.00094e-05
  0.021875 3.96311e-06
  0.023125 1.84273e-06
  0.024375 8.78661e-07
  0.025625 3.65455e-07
  0.026875 1.25593e-07
  0.028125 3.92037e-08
  0.029375 1.06509e-08
  0.030625 2.7897e-09
  0.031875 6.44985e-10
  0.033125 1.41269e-10
  0.034375 2.98014e-11
  0.035625 6.09334e-12
  0.036875 1.07178e-12
  0.038125 1.96114e-13
  0.039375 3.3021e-14
  0.040625 5.14231e-15
  0.041875      1e-15
  0.043125      1e-15
  0.044375      1e-15
  0.045625      1e-15
  0.046875      1e-15
  0.048125      1e-15
  0.049375      1e-15
  0.050625      1e-15
  0.051875      1e-15
  0.053125      1e-15
  0.054375      1e-15
  0.055625      1e-15
  0.056875      1e-15
  0.058125      1e-15
  0.059375 5.14241e-15
  0.060625 3.30216e-14
  0.061875 1.96118e-13
  0.063125 1.07181e-12
  0.064375 6.0934e-12
  0.065625 2.98017e-11
  0.066875 1.41271e-10
  0.068125 6.44993e-10
  0.069375 2.78974e-09
  0.070625 1.06511e-08
  0.071875 3.92042e-08
  0.073125 1.25595e-07
  0.074375 3.65459e-07
  0.075625 8.78675e-07
  0.076875 1.84277e-06
  0.078125 3.96324e-06
  0.079375 1.00096e-05
  0.080625 1.26571e-05
  0.081875 4.98053e-06
  0.083125 4.76582e-06
  0.084375 9.26681e-05
  0.085625 1.33014e-05
  0.086875 2.0029e-05
  0.088125 6.37996e-09
  0.089375 2.3629e-06
  0.090625 6.2304e-05
  0.091875 9.98883e-07
  0.093125 1.86559e-08
  0.094375 3.78895e-07
  0.095625 4.60189e-07
  0.096875 1.20954e-06
  0.098125 8.64115e-05
  0.099375 0.000859676
