  0.000625 1.18014e-05
  0.001875 -1.23227e-05
  0.003125 -4.19804e-07
  0.004375 -1.64508e-07
  0.005625 -1.59506e-07
  0.006875 -6.50392e-09
  0.008125 -4.32854e-07
  0.009375 -2.04624e-05
  0.010625 -6.77739e-07
  0.011875 -2.37427e-09
  0.013125 -6.93329e-06
  0.014375 -3.15149e-06
  0.015625 -3.91598e-05
  0.016875 -1.85089e-06
  0.018125 -1.83519e-06
  0.019375 -5.35144e-06
  0.020625 -3.86115e-06
  0.021875 -1.42711e-06
  0.023125 -6.60415e-07
  0.024375 -3.24999e-07
  0.025625 -1.38069e-07
  0.026875 -4.82648e-08
  0.028125 -1.53917e-08
  0.029375 -4.27236e-09
  0.030625 -1.13759e-09
  0.031875 -2.65743e-10
  0.033125 -5.85363e-11
  0.034375 -1.23816e-11
  0.035625 -2.53361e-12
  0.036875 -4.45227e-13
  0.038125 -8.13706e-14
  0.039375 -1.36603e-14
  0.040625 -2.11744e-15
  0.041875 -2.95649e-16
  0.043125 -2.06371e-16
  0.044375 -1.41741e-16
  0.045625 -9.47112e-17
  0.046875 -5.98667e-17
  0.048125 -3.29554e-17
  0.049375 -1.05056e-17
  0.050625 1.05058e-17
  0.051875 3.29556e-17
  0.053125 5.98669e-17
  0.054375 9.47115e-17
  0.055625 1.41741e-16
  0.056875 2.06372e-16
  0.058125 2.95649e-16
  0.059375 2.11748e-15
  0.060625 1.36606e-14
  0.061875 8.13724e-14
  0.063125 4.45237e-13
  0.064375 2.53363e-12
  0.065625 1.23818e-11
  0.066875 5.8537e-11
  0.068125 2.65746e-10
  0.069375 1.13761e-09
  0.070625 4.27241e-09
  0.071875 1.53919e-08
  0.073125 4.82654e-08
  0.074375 1.3807e-07
  0.075625 3.25004e-07
  0.076875 6.60429e-07
  0.078125 1.42716e-06
  0.079375 3.86126e-06
  0.080625 5.35146e-06
  0.081875 1.83533e-06
  0.083125 1.85109e-06
  0.084375 3.91606e-05
  0.085625 3.15229e-06
  0.086875 6.93425e-06
  0.088125 2.37475e-09
  0.089375 6.77859e-07
  0.090625 2.04627e-05
  0.091875 4.3284e-07
  0.093125 6.50657e-09
  0.094375 1.59535e-07
  0.095625 1.64532e-07
  0.096875 4.19795e-07
  0.098125 1.23225e-05
  0.099375 -1.18022e-05
