  0.000625 0.000573113
  0.001875 5.76073e-05
  0.003125 8.06378e-07
  0.004375 3.06747e-07
  0.005625 2.5255e-07
  0.006875 1.24322e-08
  0.008125 6.65963e-07
  0.009375 4.15356e-05
  0.010625 1.57513e-06
  0.011875 4.25252e-09
  0.013125 1.33509e-05
  0.014375 8.86598e-06
  0.015625 6.17777e-05
  0.016875 3.17687e-06
  0.018125 3.3201e-06
  0.019375 8.43799e-06
  0.020625 6.67294e-06
  0.021875 2.64207e-06
  0.023125 1.22848e-06
  0.024375 5.85774e-07
  0.025625 2.43637e-07
  0.026875 8.37286e-08
  0.028125 2.61358e-08
  0.029375 7.10062e-09
  0.030625 1.8598e-09
  0.031875 4.2999e-10
  0.033125 9.41796e-11
  0.034375 1.98676e-11
  0.035625 4.06222e-12
  0.036875 7.14521e-13
  0.038125 1.30743e-13
  0.039375 2.2014e-14
  0.040625 3.42821e-15
  0.041875 6.66667e-16
  0.043125 6.66667e-16
  0.044375 6.66667e-16
  0.045625 6.66667e-16
  0.046875 6.66667e-16
  0.048125 6.66667e-16
  0.049375 6.66667e-16
  0.050625 6.66667e-16
  0.051875 6.66667e-16
  0.053125 6.66667e-16
  0.054375 6.66667e-16
  0.055625 6.66667e-16
  0.056875 6.66667e-16
  0.058125 6.66667e-16
  0.059375 3.42827e-15
  0.060625 2.20144e-14
  0.061875 1.30746e-13
  0.063125 7.14537e-13
  0.064375 4.06227e-12
  0.065625 1.98678e-11
  0.066875 9.41806e-11
  0.068125 4.29995e-10
  0.069375 1.85982e-09
  0.070625 7.1007e-09
  0.071875 2.61362e-08
  0.073125 8.37298e-08
  0.074375 2.4364e-07
  0.075625 5.85783e-07
  0.076875 1.22851e-06
  0.078125 2.64216e-06
  0.079375 6.6731e-06
  0.080625 8.43805e-06
  0.081875 3.32035e-06
  0.083125 3.17721e-06
  0.084375 6.17787e-05
  0.085625 8.86763e-06
  0.086875 1.33526e-05
  0.088125 4.25331e-09
  0.089375 1.57527e-06
  0.090625 4.1536e-05
  0.091875 6.65922e-07
  0.093125 1.24373e-08
  0.094375 2.52597e-07
  0.095625 3.06793e-07
  0.096875 8.06363e-07
  0.098125 5.76076e-05
  0.099375 0.000573117
