  0.000625 -0.0356912
  0.001875 0.000305665
  0.003125   0.309521
  0.004375    2.38399
  0.005625    3.92311
  0.006875    5.23293
  0.008125    5.92723
  0.009375    5.93597
  0.010625    5.95883
  0.011875     7.7295
  0.013125    8.48682
  0.014375    8.77388
  0.015625    8.85086
  0.016875    8.96541
  0.018125    9.86467
  0.019375    10.2562
  0.020625    10.6062
  0.021875    11.0717
  0.023125    11.5932
  0.024375    12.0235
  0.025625    12.3605
  0.026875     12.616
  0.028125     12.802
  0.029375    12.9342
  0.030625    13.0279
  0.031875    13.0948
  0.033125    13.1428
  0.034375    13.1777
  0.035625    13.2029
  0.036875    13.2213
  0.038125    13.2345
  0.039375     13.244
  0.040625    13.2508
  0.041875    13.2557
  0.043125    13.2591
  0.044375    13.2614
  0.045625     13.263
  0.046875     13.264
  0.048125    13.2647
  0.049375     13.265
  0.050625     13.265
  0.051875    13.2647
  0.053125     13.264
  0.054375     13.263
  0.055625    13.2614
  0.056875    13.2591
  0.058125    13.2557
  0.059375    13.2508
  0.060625     13.244
  0.061875    13.2345
  0.063125    13.2213
  0.064375    13.2029
  0.065625    13.1777
  0.066875    13.1428
  0.068125    13.0948
  0.069375    13.0279
  0.070625    12.9342
  0.071875     12.802
  0.073125     12.616
  0.074375    12.3605
  0.075625    12.0235
  0.076875    11.5931
  0.078125    11.0717
  0.079375    10.6062
  0.080625    10.2561
  0.081875    9.86462
  0.083125    8.96537
  0.084375    8.85081
  0.085625    8.77383
  0.086875    8.48677
  0.088125    7.72948
  0.089375    5.95877
  0.090625    5.93592
  0.091875    5.92717
  0.093125    5.23289
  0.094375    3.92307
  0.095625    2.38398
  0.096875   0.309513
  0.098125 0.000304736
  0.099375 -0.0356923
