  0.000625  0.0239398
  0.001875 0.00758995
  0.003125 0.000897985
  0.004375 0.000553848
  0.005625 0.000502544
  0.006875  0.0001115
  0.008125 0.000816066
  0.009375 0.00644481
  0.010625 0.00125504
  0.011875 6.52113e-05
  0.013125 0.00365388
  0.014375 0.00297758
  0.015625 0.00785988
  0.016875 0.00178238
  0.018125 0.00182212
  0.019375 0.00290482
  0.020625  0.0025832
  0.021875 0.00162544
  0.023125 0.00110837
  0.024375 0.000765359
  0.025625 0.000493596
  0.026875 0.000289359
  0.028125 0.000161666
  0.029375 8.42652e-05
  0.030625 4.31254e-05
  0.031875 2.07362e-05
  0.033125 9.70462e-06
  0.034375 4.45731e-06
  0.035625 2.0155e-06
  0.036875 8.45294e-07
  0.038125 3.61584e-07
  0.039375 1.48371e-07
  0.040625 5.85509e-08
  0.041875 2.58199e-08
  0.043125 2.58199e-08
  0.044375 2.58199e-08
  0.045625 2.58199e-08
  0.046875 2.58199e-08
  0.048125 2.58199e-08
  0.049375 2.58199e-08
  0.050625 2.58199e-08
  0.051875 2.58199e-08
  0.053125 2.58199e-08
  0.054375 2.58199e-08
  0.055625 2.58199e-08
  0.056875 2.58199e-08
  0.058125 2.58199e-08
  0.059375 5.85515e-08
  0.060625 1.48373e-07
  0.061875 3.61587e-07
  0.063125 8.45303e-07
  0.064375 2.01551e-06
  0.065625 4.45733e-06
  0.066875 9.70467e-06
  0.068125 2.07363e-05
  0.069375 4.31257e-05
  0.070625 8.42657e-05
  0.071875 0.000161667
  0.073125 0.000289361
  0.074375 0.000493599
  0.075625 0.000765365
  0.076875 0.00110838
  0.078125 0.00162547
  0.079375 0.00258323
  0.080625 0.00290483
  0.081875 0.00182218
  0.083125 0.00178247
  0.084375 0.00785994
  0.085625 0.00297786
  0.086875 0.00365413
  0.088125 6.52174e-05
  0.089375  0.0012551
  0.090625 0.00644484
  0.091875 0.000816041
  0.093125 0.000111522
  0.094375 0.00050259
  0.095625 0.000553889
  0.096875 0.000897977
  0.098125 0.00758997
  0.099375  0.0239399
