  0.000625      1e-08
  0.001875      1e-08
  0.003125      1e-08
  0.004375      1e-08
  0.005625      1e-08
  0.006875      1e-08
  0.008125      1e-08
  0.009375      1e-08
  0.010625      1e-08
  0.011875      1e-08
  0.013125      1e-08
  0.014375      1e-08
  0.015625      1e-08
  0.016875      1e-08
  0.018125      1e-08
  0.019375      1e-08
  0.020625      1e-08
  0.021875      1e-08
  0.023125      1e-08
  0.024375      1e-08
  0.025625      1e-08
  0.026875      1e-08
  0.028125      1e-08
  0.029375      1e-08
  0.030625      1e-08
  0.031875      1e-08
  0.033125      1e-08
  0.034375      1e-08
  0.035625      1e-08
  0.036875      1e-08
  0.038125      1e-08
  0.039375      1e-08
  0.040625      1e-08
  0.041875      1e-08
  0.043125      1e-08
  0.044375      1e-08
  0.045625      1e-08
  0.046875      1e-08
  0.048125      1e-08
  0.049375      1e-08
  0.050625      1e-08
  0.051875      1e-08
  0.053125      1e-08
  0.054375      1e-08
  0.055625      1e-08
  0.056875      1e-08
  0.058125      1e-08
  0.059375      1e-08
  0.060625      1e-08
  0.061875      1e-08
  0.063125      1e-08
  0.064375      1e-08
  0.065625      1e-08
  0.066875      1e-08
  0.068125      1e-08
  0.069375      1e-08
  0.070625      1e-08
  0.071875      1e-08
  0.073125      1e-08
  0.074375      1e-08
  0.075625      1e-08
  0.076875      1e-08
  0.078125      1e-08
  0.079375      1e-08
  0.080625      1e-08
  0.081875      1e-08
  0.083125      1e-08
  0.084375      1e-08
  0.085625      1e-08
  0.086875      1e-08
  0.088125      1e-08
  0.089375      1e-08
  0.090625      1e-08
  0.091875      1e-08
  0.093125      1e-08
  0.094375      1e-08
  0.095625      1e-08
  0.096875      1e-08
  0.098125      1e-08
  0.099375      1e-08
