  0.000625    80.2369
  0.001875    31.4143
  0.003125    17.3744
  0.004375    11.4538
  0.005625    8.32121
  0.006875    6.43966
  0.008125    5.21663
  0.009375    4.37715
  0.010625    3.77704
  0.011875    3.33401
  0.013125    2.99818
  0.014375    2.73782
  0.015625    2.53203
  0.016875    2.36658
  0.018125    2.23153
  0.019375    2.11976
  0.020625     2.0261
  0.021875    1.94669
  0.023125    1.87864
  0.024375    1.81974
  0.025625    1.76828
  0.026875    1.72296
  0.028125    1.68274
  0.029375    1.64681
  0.030625    1.61455
  0.031875    1.58545
  0.033125    1.55914
  0.034375    1.53531
  0.035625    1.51375
  0.036875    1.49427
  0.038125    1.47676
  0.039375    1.46112
  0.040625     1.4473
  0.041875    1.43524
  0.043125    1.42492
  0.044375    1.41633
  0.045625    1.40946
  0.046875     1.4043
  0.048125    1.40087
  0.049375    1.39915
  0.050625    1.39915
  0.051875    1.40088
  0.053125    1.40432
  0.054375    1.40948
  0.055625    1.41635
  0.056875    1.42495
  0.058125    1.43527
  0.059375    1.44733
  0.060625    1.46117
  0.061875    1.47681
  0.063125    1.49432
  0.064375     1.5138
  0.065625    1.53537
  0.066875     1.5592
  0.068125    1.58551
  0.069375    1.61461
  0.070625    1.64688
  0.071875    1.68281
  0.073125    1.72303
  0.074375    1.76835
  0.075625     1.8198
  0.076875     1.8787
  0.078125    1.94675
  0.079375    2.02616
  0.080625    2.11983
  0.081875    2.23159
  0.083125    2.36664
  0.084375    2.53208
  0.085625    2.73786
  0.086875    2.99821
  0.088125    3.33404
  0.089375    3.77705
  0.090625    4.37714
  0.091875     5.2166
  0.093125    6.43961
  0.094375    8.32112
  0.095625    11.4537
  0.096875    17.3743
  0.098125    31.4141
  0.099375    80.2365
