  0.000625    6670.93
  0.001875    425.054
  0.003125     236.19
  0.004375    158.842
  0.005625    115.586
  0.006875    88.2908
  0.008125    69.8526
  0.009375    56.8526
  0.010625    47.4067
  0.011875    40.3804
  0.013125    35.0493
  0.014375    30.9318
  0.015625    27.6978
  0.016875    25.1158
  0.018125    23.0199
  0.019375     21.289
  0.020625    19.8335
  0.021875    18.5856
  0.023125    17.4941
  0.024375    16.5192
  0.025625    15.6301
  0.026875    14.8026
  0.028125    14.0177
  0.029375    13.2605
  0.030625    12.5192
  0.031875    11.7845
  0.033125    11.0494
  0.034375    10.3085
  0.035625    9.55792
  0.036875    8.79487
  0.038125    8.01767
  0.039375    7.22545
  0.040625    6.41809
  0.041875    5.59609
  0.043125    4.76044
  0.044375    3.91258
  0.045625    3.05427
  0.046875    2.18756
  0.048125     1.3147
  0.049375   0.438104
  0.050625   0.439749
  0.051875    1.31634
  0.053125    2.18919
  0.054375    3.05589
  0.055625    3.91418
  0.056875    4.76203
  0.058125    5.59765
  0.059375    6.41962
  0.060625    7.22695
  0.061875    8.01913
  0.063125    8.79629
  0.064375     9.5593
  0.065625    10.3098
  0.066875    11.0507
  0.068125    11.7857
  0.069375    12.5203
  0.070625    13.2616
  0.071875    14.0187
  0.073125    14.8035
  0.074375    15.6309
  0.075625    16.5199
  0.076875    17.4947
  0.078125    18.5862
  0.079375    19.8339
  0.080625    21.2893
  0.081875    23.0201
  0.083125    25.1158
  0.084375    27.6976
  0.085625    30.9314
  0.086875    35.0487
  0.088125    40.3795
  0.089375    47.4055
  0.090625     56.851
  0.091875    69.8507
  0.093125    88.2886
  0.094375    115.584
  0.095625     158.84
  0.096875    236.187
  0.098125    425.052
  0.099375    6670.92
