  0.000625   0.250128
  0.001875   0.256159
  0.003125      0.243
  0.004375   0.235377
  0.005625   0.231071
  0.006875   0.228989
  0.008125   0.228483
  0.009375   0.229109
  0.010625   0.230538
  0.011875   0.232526
  0.013125   0.234888
  0.014375   0.237485
  0.015625   0.240214
  0.016875   0.242995
  0.018125   0.245769
  0.019375   0.248491
  0.020625   0.251126
  0.021875   0.253648
  0.023125   0.256038
  0.024375   0.258282
  0.025625   0.260372
  0.026875   0.262301
  0.028125   0.264067
  0.029375    0.26567
  0.030625   0.267114
  0.031875   0.268403
  0.033125   0.269544
  0.034375   0.270544
  0.035625   0.271412
  0.036875   0.272158
  0.038125   0.272793
  0.039375   0.273327
  0.040625    0.27377
  0.041875   0.274133
  0.043125   0.274424
  0.044375   0.274653
  0.045625   0.274826
  0.046875   0.274951
  0.048125   0.275031
  0.049375   0.275071
  0.050625   0.275071
  0.051875   0.275032
  0.053125   0.274952
  0.054375   0.274828
  0.055625   0.274656
  0.056875   0.274427
  0.058125   0.274137
  0.059375   0.273775
  0.060625   0.273332
  0.061875   0.272798
  0.063125   0.272164
  0.064375   0.271418
  0.065625    0.27055
  0.066875    0.26955
  0.068125    0.26841
  0.069375   0.267121
  0.070625   0.265677
  0.071875   0.264074
  0.073125   0.262308
  0.074375   0.260379
  0.075625    0.25829
  0.076875   0.256045
  0.078125   0.253655
  0.079375   0.251133
  0.080625   0.248498
  0.081875   0.245776
  0.083125   0.243001
  0.084375    0.24022
  0.085625   0.237491
  0.086875   0.234893
  0.088125   0.232531
  0.089375   0.230542
  0.090625   0.229112
  0.091875   0.228486
  0.093125   0.228991
  0.094375   0.231072
  0.095625   0.235377
  0.096875   0.242999
  0.098125   0.256158
  0.099375   0.250128
