  0.000625   0.166752
  0.001875   0.170772
  0.003125      0.162
  0.004375   0.156918
  0.005625   0.154048
  0.006875   0.152659
  0.008125   0.152322
  0.009375   0.152739
  0.010625   0.153692
  0.011875   0.155017
  0.013125   0.156592
  0.014375   0.158324
  0.015625   0.160143
  0.016875   0.161997
  0.018125   0.163846
  0.019375   0.165661
  0.020625   0.167417
  0.021875   0.169099
  0.023125   0.170692
  0.024375   0.172188
  0.025625   0.173581
  0.026875   0.174867
  0.028125   0.176045
  0.029375   0.177114
  0.030625   0.178076
  0.031875   0.178935
  0.033125   0.179696
  0.034375   0.180362
  0.035625   0.180941
  0.036875   0.181439
  0.038125   0.181862
  0.039375   0.182218
  0.040625   0.182514
  0.041875   0.182755
  0.043125    0.18295
  0.044375   0.183102
  0.045625   0.183218
  0.046875   0.183301
  0.048125   0.183354
  0.049375   0.183381
  0.050625   0.183381
  0.051875   0.183355
  0.053125   0.183302
  0.054375   0.183219
  0.055625   0.183104
  0.056875   0.182952
  0.058125   0.182758
  0.059375   0.182516
  0.060625   0.182221
  0.061875   0.181866
  0.063125   0.181443
  0.064375   0.180945
  0.065625   0.180366
  0.066875     0.1797
  0.068125    0.17894
  0.069375   0.178081
  0.070625   0.177118
  0.071875   0.176049
  0.073125   0.174872
  0.074375   0.173586
  0.075625   0.172193
  0.076875   0.170697
  0.078125   0.169103
  0.079375   0.167422
  0.080625   0.165665
  0.081875   0.163851
  0.083125   0.162001
  0.084375   0.160147
  0.085625   0.158327
  0.086875   0.156595
  0.088125    0.15502
  0.089375   0.153695
  0.090625   0.152741
  0.091875   0.152324
  0.093125    0.15266
  0.094375   0.154048
  0.095625   0.156918
  0.096875      0.162
  0.098125   0.170772
  0.099375   0.166752
