  0.000625  -0.468146
  0.001875 -0.0799056
  0.003125 -0.0722444
  0.004375 -0.0691491
  0.005625 -0.0667505
  0.006875 -0.0647029
  0.008125 -0.0629135
  0.009375   -0.06136
  0.010625 -0.0600368
  0.011875 -0.0589372
  0.013125 -0.0580479
  0.014375 -0.0573478
  0.015625 -0.0568088
  0.016875  -0.056398
  0.018125 -0.0560788
  0.019375 -0.0558127
  0.020625 -0.0555601
  0.021875 -0.0552823
  0.023125 -0.0549415
  0.024375 -0.0545021
  0.025625 -0.0539312
  0.026875  -0.053199
  0.028125 -0.0522794
  0.029375 -0.0511499
  0.030625 -0.0497922
  0.031875 -0.0481921
  0.033125 -0.0463399
  0.034375   -0.04423
  0.035625 -0.0418611
  0.036875 -0.0392361
  0.038125  -0.036362
  0.039375 -0.0332496
  0.040625 -0.0299133
  0.041875  -0.026371
  0.043125 -0.0226436
  0.044375 -0.0187547
  0.045625 -0.0147304
  0.046875 -0.0105987
  0.048125 -0.00638906
  0.049375 -0.00213228
  0.050625 0.00214029
  0.051875 0.00639703
  0.053125  0.0106066
  0.054375  0.0147382
  0.055625  0.0187624
  0.056875  0.0226512
  0.058125  0.0263784
  0.059375  0.0299206
  0.060625  0.0332566
  0.061875  0.0363688
  0.063125  0.0392427
  0.064375  0.0418674
  0.065625   0.044236
  0.066875  0.0463457
  0.068125  0.0481976
  0.069375  0.0497973
  0.070625  0.0511547
  0.071875  0.0522838
  0.073125  0.0532032
  0.074375   0.053935
  0.075625  0.0545055
  0.076875  0.0549446
  0.078125   0.055285
  0.079375  0.0555626
  0.080625  0.0558148
  0.081875  0.0560806
  0.083125  0.0563995
  0.084375    0.05681
  0.085625  0.0573487
  0.086875  0.0580487
  0.088125  0.0589377
  0.089375  0.0600371
  0.090625  0.0613601
  0.091875  0.0629135
  0.093125  0.0647028
  0.094375  0.0667504
  0.095625  0.0691489
  0.096875  0.0722442
  0.098125  0.0799053
  0.099375   0.468144
