  0.000625   0.408353
  0.001875   0.413246
  0.003125   0.402492
  0.004375   0.396129
  0.005625   0.392489
  0.006875   0.390716
  0.008125   0.390285
  0.009375   0.390819
  0.010625   0.392036
  0.011875   0.393723
  0.013125   0.395717
  0.014375   0.397899
  0.015625   0.400178
  0.016875   0.402488
  0.018125   0.404779
  0.019375   0.407014
  0.020625   0.409167
  0.021875   0.411216
  0.023125   0.413149
  0.024375   0.414956
  0.025625   0.416631
  0.026875   0.418171
  0.028125   0.419577
  0.029375   0.420849
  0.030625   0.421991
  0.031875   0.423008
  0.033125   0.423905
  0.034375   0.424691
  0.035625   0.425372
  0.036875   0.425956
  0.038125   0.426453
  0.039375    0.42687
  0.040625   0.427216
  0.041875   0.427499
  0.043125   0.427726
  0.044375   0.427904
  0.045625   0.428039
  0.046875   0.428136
  0.048125   0.428199
  0.049375    0.42823
  0.050625    0.42823
  0.051875     0.4282
  0.053125   0.428137
  0.054375   0.428041
  0.055625   0.427906
  0.056875   0.427728
  0.058125   0.427502
  0.059375   0.427219
  0.060625   0.426874
  0.061875   0.426457
  0.063125   0.425961
  0.064375   0.425376
  0.065625   0.424696
  0.066875    0.42391
  0.068125   0.423013
  0.069375   0.421996
  0.070625   0.420854
  0.071875   0.419582
  0.073125   0.418177
  0.074375   0.416637
  0.075625   0.414962
  0.076875   0.413155
  0.078125   0.411222
  0.079375   0.409172
  0.080625    0.40702
  0.081875   0.404785
  0.083125   0.402493
  0.084375   0.400183
  0.085625   0.397903
  0.086875   0.395721
  0.088125   0.393726
  0.089375   0.392039
  0.090625   0.390821
  0.091875   0.390287
  0.093125   0.390718
  0.094375    0.39249
  0.095625   0.396129
  0.096875   0.402492
  0.098125   0.413246
  0.099375   0.408353
