  0.000625    90.0676
  0.001875     32.185
  0.003125    18.9647
  0.004375    14.0897
  0.005625    11.7962
  0.006875    10.5778
  0.008125    9.89929
  0.009375    9.52748
  0.010625    9.34471
  0.011875    9.28435
  0.013125    9.30487
  0.014375    9.37817
  0.015625    9.48384
  0.016875     9.6061
  0.018125    9.73224
  0.019375    9.85171
  0.020625    9.95557
  0.021875    10.0363
  0.023125    10.0875
  0.024375    10.1042
  0.025625    10.0824
  0.026875    10.0194
  0.028125    9.91356
  0.029375    9.76473
  0.030625    9.57388
  0.031875    9.34334
  0.033125    9.07668
  0.034375    8.77876
  0.035625    8.45563
  0.036875    8.11445
  0.038125    7.76331
  0.039375    7.41104
  0.040625    7.06693
  0.041875    6.74042
  0.043125     6.4407
  0.044375     6.1764
  0.045625    5.95518
  0.046875    5.78344
  0.048125    5.66615
  0.049375    5.60667
  0.050625     5.6067
  0.051875    5.66624
  0.053125    5.78358
  0.054375    5.95537
  0.055625    6.17665
  0.056875    6.44099
  0.058125    6.74074
  0.059375    7.06729
  0.060625    7.41142
  0.061875    7.76371
  0.063125    8.11487
  0.064375    8.45606
  0.065625    8.77919
  0.066875    9.07711
  0.068125    9.34376
  0.069375     9.5743
  0.070625    9.76512
  0.071875    9.91394
  0.073125    10.0197
  0.074375    10.0828
  0.075625    10.1046
  0.076875    10.0878
  0.078125    10.0366
  0.079375    9.95583
  0.080625    9.85195
  0.081875    9.73247
  0.083125     9.6063
  0.084375    9.48402
  0.085625    9.37834
  0.086875    9.30501
  0.088125    9.28447
  0.089375    9.34482
  0.090625    9.52757
  0.091875    9.89935
  0.093125    10.5779
  0.094375    11.7963
  0.095625    14.0896
  0.096875    18.9645
  0.098125    32.1846
  0.099375    90.0668
