  0.000625    6578.96
  0.001875    320.032
  0.003125    151.515
  0.004375    97.0897
  0.005625    73.7513
  0.006875    62.2442
  0.008125    56.2308
  0.009375    53.1308
  0.010625    51.7166
  0.011875    51.3304
  0.013125    51.5848
  0.014375    52.2343
  0.015625    53.1133
  0.016875    54.1044
  0.018125    55.1216
  0.019375    56.0996
  0.020625    56.9875
  0.021875    57.7449
  0.023125    58.3392
  0.024375    58.7427
  0.025625    58.9318
  0.026875    58.8855
  0.028125    58.5842
  0.029375    58.0093
  0.030625    57.1424
  0.031875    55.9654
  0.033125      54.46
  0.034375    52.6085
  0.035625     50.394
  0.036875    47.8022
  0.038125    44.8222
  0.039375    41.4492
  0.040625    37.6858
  0.041875    33.5444
  0.043125    29.0487
  0.044375    24.2335
  0.045625    19.1441
  0.046875    13.8346
  0.048125    8.36468
  0.049375    2.79755
  0.050625    2.80209
  0.051875    8.36917
  0.053125     13.839
  0.054375    19.1484
  0.055625    24.2376
  0.056875    29.0526
  0.058125    33.5481
  0.059375    37.6891
  0.060625    41.4523
  0.061875    44.8251
  0.063125    47.8047
  0.064375    50.3963
  0.065625    52.6105
  0.066875    54.4619
  0.068125     55.967
  0.069375    57.1439
  0.070625    58.0105
  0.071875    58.5853
  0.073125    58.8864
  0.074375    58.9327
  0.075625    58.7434
  0.076875    58.3398
  0.078125    57.7455
  0.079375    56.9879
  0.080625    56.0999
  0.081875    55.1219
  0.083125    54.1046
  0.084375    53.1134
  0.085625    52.2343
  0.086875    51.5847
  0.088125    51.3302
  0.089375    51.7163
  0.090625    53.1303
  0.091875      56.23
  0.093125    62.2432
  0.094375    73.7499
  0.095625    97.0875
  0.096875    151.511
  0.098125    320.026
  0.099375    6578.92
