  0.000625   0.270236
  0.001875   0.312825
  0.003125   0.345671
  0.004375   0.376828
  0.005625   0.405837
  0.006875   0.433013
  0.008125   0.458703
  0.009375   0.483138
  0.010625   0.506441
  0.011875   0.528647
  0.013125   0.549723
  0.014375   0.569593
  0.015625   0.588145
  0.016875   0.605244
  0.018125   0.620746
  0.019375   0.634503
  0.020625   0.646372
  0.021875   0.656221
  0.023125   0.663936
  0.024375   0.669426
  0.025625   0.672625
  0.026875   0.673501
  0.028125   0.672054
  0.029375   0.668326
  0.030625   0.662396
  0.031875   0.654391
  0.033125   0.644483
  0.034375   0.632892
  0.035625   0.619888
  0.036875   0.605788
  0.038125   0.590955
  0.039375   0.575793
  0.040625   0.560737
  0.041875   0.546239
  0.043125   0.532756
  0.044375   0.520729
  0.045625   0.510563
  0.046875    0.50261
  0.048125   0.497146
  0.049375   0.494365
  0.050625   0.494367
  0.051875    0.49715
  0.053125   0.502616
  0.054375   0.510573
  0.055625   0.520741
  0.056875    0.53277
  0.058125   0.546254
  0.059375   0.560753
  0.060625   0.575811
  0.061875   0.590974
  0.063125   0.605807
  0.064375   0.619907
  0.065625   0.632911
  0.066875   0.644502
  0.068125    0.65441
  0.069375   0.662415
  0.070625   0.668344
  0.071875   0.672072
  0.073125   0.673518
  0.074375   0.672641
  0.075625   0.669441
  0.076875   0.663951
  0.078125   0.656235
  0.079375   0.646384
  0.080625   0.634515
  0.081875   0.620757
  0.083125   0.605254
  0.084375   0.588154
  0.085625   0.569602
  0.086875   0.549731
  0.088125   0.528654
  0.089375   0.506448
  0.090625   0.483144
  0.091875   0.458708
  0.093125   0.433018
  0.094375    0.40584
  0.095625   0.376831
  0.096875   0.345673
  0.098125   0.312825
  0.099375   0.270234
