  0.000625  -0.480083
  0.001875  -0.087576
  0.003125 -0.0859168
  0.004375 -0.0880645
  0.005625 -0.0926768
  0.006875 -0.0992997
  0.008125  -0.107566
  0.009375  -0.117153
  0.010625  -0.127751
  0.011875  -0.139058
  0.013125   -0.15078
  0.014375  -0.162634
  0.015625  -0.174353
  0.016875   -0.18569
  0.018125  -0.196417
  0.019375  -0.206328
  0.020625  -0.215239
  0.021875  -0.222989
  0.023125  -0.229441
  0.024375  -0.234476
  0.025625  -0.237998
  0.026875  -0.239931
  0.028125  -0.240216
  0.029375  -0.238812
  0.030625  -0.235694
  0.031875  -0.230853
  0.033125  -0.224293
  0.034375  -0.216035
  0.035625  -0.206111
  0.036875  -0.194568
  0.038125  -0.181467
  0.039375  -0.166883
  0.040625  -0.150906
  0.041875  -0.133642
  0.043125  -0.115211
  0.044375 -0.0957516
  0.045625 -0.0754194
  0.046875 -0.0543857
  0.048125 -0.0328376
  0.049375 -0.0109752
  0.050625   0.010993
  0.051875  0.0328553
  0.053125  0.0544031
  0.054375  0.0754365
  0.055625  0.0957682
  0.056875   0.115227
  0.058125   0.133657
  0.059375   0.150921
  0.060625   0.166897
  0.061875   0.181481
  0.063125   0.194581
  0.064375   0.206123
  0.065625   0.216046
  0.066875   0.224304
  0.068125   0.230862
  0.069375   0.235703
  0.070625    0.23882
  0.071875   0.240224
  0.073125   0.239938
  0.074375   0.238005
  0.075625   0.234482
  0.076875   0.229446
  0.078125   0.222994
  0.079375   0.215243
  0.080625   0.206332
  0.081875    0.19642
  0.083125   0.185693
  0.084375   0.174356
  0.085625   0.162636
  0.086875   0.150781
  0.088125    0.13906
  0.089375   0.127752
  0.090625   0.117154
  0.091875   0.107567
  0.093125  0.0992997
  0.094375  0.0926767
  0.095625  0.0880641
  0.096875  0.0859163
  0.098125  0.0875754
  0.099375   0.480078
