  0.000625   0.180157
  0.001875    0.20855
  0.003125   0.230448
  0.004375   0.251219
  0.005625   0.270558
  0.006875   0.288676
  0.008125   0.305802
  0.009375   0.322092
  0.010625   0.337628
  0.011875   0.352431
  0.013125   0.366482
  0.014375   0.379729
  0.015625   0.392096
  0.016875   0.403496
  0.018125   0.413831
  0.019375   0.423002
  0.020625   0.430915
  0.021875   0.437481
  0.023125   0.442624
  0.024375   0.446284
  0.025625   0.448417
  0.026875   0.449001
  0.028125   0.448036
  0.029375    0.44555
  0.030625   0.441597
  0.031875   0.436261
  0.033125   0.429655
  0.034375   0.421928
  0.035625   0.413258
  0.036875   0.403858
  0.038125    0.39397
  0.039375   0.383862
  0.040625   0.373824
  0.041875   0.364159
  0.043125   0.355171
  0.044375   0.347153
  0.045625   0.340376
  0.046875   0.335073
  0.048125   0.331431
  0.049375   0.329577
  0.050625   0.329578
  0.051875   0.331433
  0.053125   0.335078
  0.054375   0.340382
  0.055625    0.34716
  0.056875    0.35518
  0.058125   0.364169
  0.059375   0.373836
  0.060625   0.383874
  0.061875   0.393982
  0.063125   0.403871
  0.064375   0.413271
  0.065625   0.421941
  0.066875   0.429668
  0.068125   0.436273
  0.069375    0.44161
  0.070625   0.445562
  0.071875   0.448048
  0.073125   0.449012
  0.074375   0.448427
  0.075625   0.446294
  0.076875   0.442634
  0.078125    0.43749
  0.079375   0.430923
  0.080625    0.42301
  0.081875   0.413838
  0.083125   0.403503
  0.084375   0.392103
  0.085625   0.379735
  0.086875   0.366488
  0.088125   0.352436
  0.089375   0.337632
  0.090625   0.322096
  0.091875   0.305806
  0.093125   0.288679
  0.094375    0.27056
  0.095625   0.251221
  0.096875   0.230449
  0.098125    0.20855
  0.099375   0.180156
