  0.000625    7.94252
  0.001875    8.50488
  0.003125     8.7426
  0.004375    8.88367
  0.005625    8.98532
  0.006875    9.06805
  0.008125    9.14093
  0.009375    9.20863
  0.010625    9.27376
  0.011875    9.33792
  0.013125    9.40209
  0.014375    9.46688
  0.015625    9.53267
  0.016875    9.59966
  0.018125    9.66793
  0.019375    9.73747
  0.020625    9.80818
  0.021875    9.87994
  0.023125    9.95254
  0.024375    10.0258
  0.025625    10.0994
  0.026875    10.1731
  0.028125    10.2466
  0.029375    10.3196
  0.030625    10.3916
  0.031875    10.4624
  0.033125    10.5316
  0.034375    10.5986
  0.035625    10.6631
  0.036875    10.7246
  0.038125    10.7826
  0.039375    10.8366
  0.040625    10.8862
  0.041875    10.9308
  0.043125    10.9701
  0.044375    11.0035
  0.045625    11.0306
  0.046875    11.0513
  0.048125    11.0652
  0.049375    11.0722
  0.050625    11.0722
  0.051875    11.0652
  0.053125    11.0513
  0.054375    11.0306
  0.055625    11.0034
  0.056875      10.97
  0.058125    10.9308
  0.059375    10.8862
  0.060625    10.8366
  0.061875    10.7825
  0.063125    10.7245
  0.064375     10.663
  0.065625    10.5985
  0.066875    10.5315
  0.068125    10.4624
  0.069375    10.3916
  0.070625    10.3195
  0.071875    10.2465
  0.073125     10.173
  0.074375    10.0993
  0.075625    10.0257
  0.076875    9.95247
  0.078125    9.87987
  0.079375    9.80811
  0.080625     9.7374
  0.081875    9.66786
  0.083125    9.59959
  0.084375     9.5326
  0.085625    9.46681
  0.086875    9.40201
  0.088125    9.33785
  0.089375    9.27369
  0.090625    9.20855
  0.091875    9.14086
  0.093125    9.06798
  0.094375    8.98525
  0.095625     8.8836
  0.096875    8.74254
  0.098125    8.50483
  0.099375    7.94247
