  0.000625   0.424449
  0.001875   0.456673
  0.003125    0.48005
  0.004375   0.501217
  0.005625   0.520152
  0.006875   0.537285
  0.008125   0.552994
  0.009375   0.567532
  0.010625   0.581057
  0.011875   0.593659
  0.013125   0.605378
  0.014375   0.616221
  0.015625   0.626176
  0.016875   0.635213
  0.018125   0.643297
  0.019375   0.650386
  0.020625   0.656441
  0.021875   0.661423
  0.023125     0.6653
  0.024375   0.668045
  0.025625   0.669639
  0.026875   0.670075
  0.028125   0.669355
  0.029375   0.667496
  0.030625   0.664528
  0.031875     0.6605
  0.033125   0.655481
  0.034375    0.64956
  0.035625   0.642852
  0.036875   0.635499
  0.038125    0.62767
  0.039375   0.619566
  0.040625   0.611412
  0.041875   0.603456
  0.043125   0.595962
  0.044375   0.589197
  0.045625   0.583417
  0.046875   0.578855
  0.048125     0.5757
  0.049375   0.574088
  0.050625   0.574089
  0.051875   0.575703
  0.053125   0.578859
  0.054375   0.583423
  0.055625   0.589203
  0.056875    0.59597
  0.058125   0.603464
  0.059375   0.611421
  0.060625   0.619576
  0.061875    0.62768
  0.063125   0.635509
  0.064375   0.642862
  0.065625    0.64957
  0.066875   0.655491
  0.068125    0.66051
  0.069375   0.664537
  0.070625   0.667505
  0.071875   0.669364
  0.073125   0.670083
  0.074375   0.669647
  0.075625   0.668052
  0.076875   0.665307
  0.078125    0.66143
  0.079375   0.656447
  0.080625   0.650392
  0.081875   0.643302
  0.083125   0.635219
  0.084375   0.626181
  0.085625   0.616226
  0.086875   0.605382
  0.088125   0.593663
  0.089375   0.581061
  0.090625   0.567535
  0.091875   0.552997
  0.093125   0.537288
  0.094375   0.520154
  0.095625   0.501219
  0.096875   0.480051
  0.098125   0.456673
  0.099375   0.424448
