  0.000625    89.9197
  0.001875    32.5162
  0.003125    18.6507
  0.004375     13.376
  0.005625    10.8115
  0.006875    9.37796
  0.008125    8.50823
  0.009375    7.95524
  0.010625    7.59541
  0.011875    7.36011
  0.013125     7.2079
  0.014375    7.11196
  0.015625    7.05388
  0.016875    7.02036
  0.018125    7.00141
  0.019375    6.98924
  0.020625    6.97771
  0.021875     6.9619
  0.023125    6.93788
  0.024375    6.90262
  0.025625    6.85387
  0.026875    6.79011
  0.028125    6.71055
  0.029375    6.61506
  0.030625     6.5042
  0.031875    6.37912
  0.033125    6.24157
  0.034375    6.09385
  0.035625    5.93869
  0.036875    5.77922
  0.038125    5.61883
  0.039375     5.4611
  0.040625    5.30965
  0.041875    5.16804
  0.043125    5.03965
  0.044375    4.92755
  0.045625    4.83446
  0.046875    4.76261
  0.048125    4.71374
  0.049375    4.68902
  0.050625    4.68904
  0.051875     4.7138
  0.053125     4.7627
  0.054375    4.83459
  0.055625    4.92771
  0.056875    5.03984
  0.058125    5.16827
  0.059375     5.3099
  0.060625    5.46138
  0.061875    5.61913
  0.063125    5.77953
  0.064375    5.93902
  0.065625    6.09419
  0.066875    6.24192
  0.068125    6.37946
  0.069375    6.50455
  0.070625    6.61541
  0.071875    6.71089
  0.073125    6.79045
  0.074375    6.85419
  0.075625    6.90293
  0.076875    6.93818
  0.078125    6.96219
  0.079375    6.97799
  0.080625     6.9895
  0.081875    7.00165
  0.083125    7.02059
  0.084375    7.05409
  0.085625    7.11215
  0.086875    7.20807
  0.088125    7.36027
  0.089375    7.59556
  0.090625    7.95537
  0.091875    8.50833
  0.093125    9.37804
  0.094375    10.8116
  0.095625     13.376
  0.096875    18.6506
  0.098125    32.5159
  0.099375    89.9192
