  0.000625    6690.56
  0.001875    346.724
  0.003125    167.025
  0.004375    105.411
  0.005625    77.4734
  0.006875    62.8268
  0.008125    54.4622
  0.009375      49.46
  0.010625    46.4208
  0.011875    44.5977
  0.013125    43.5563
  0.014375    43.0258
  0.015625    42.8269
  0.016875    42.8349
  0.018125     42.959
  0.019375     43.131
  0.020625    43.2977
  0.021875    43.4166
  0.023125    43.4528
  0.024375    43.3774
  0.025625    43.1658
  0.026875    42.7972
  0.028125    42.2536
  0.029375    41.5195
  0.030625     40.582
  0.031875    39.4302
  0.033125    38.0558
  0.034375    36.4531
  0.035625    34.6191
  0.036875    32.5539
  0.038125    30.2613
  0.039375    27.7487
  0.040625    25.0273
  0.041875    22.1123
  0.043125    19.0224
  0.044375    15.7796
  0.045625    12.4086
  0.046875    8.93627
  0.048125    5.39061
  0.049375    1.80068
  0.050625    1.80404
  0.051875    5.39396
  0.053125    8.93958
  0.054375    12.4119
  0.055625    15.7828
  0.056875    19.0254
  0.058125    22.1153
  0.059375    25.0302
  0.060625    27.7514
  0.061875    30.2639
  0.063125    32.5564
  0.064375    34.6213
  0.065625    36.4552
  0.066875    38.0578
  0.068125     39.432
  0.069375    40.5836
  0.070625    41.5211
  0.071875     42.255
  0.073125    42.7985
  0.074375     43.167
  0.075625    43.3784
  0.076875    43.4537
  0.078125    43.4173
  0.079375    43.2984
  0.080625    43.1316
  0.081875    42.9594
  0.083125    42.8352
  0.084375    42.8271
  0.085625    43.0259
  0.086875    43.5562
  0.088125    44.5974
  0.089375    46.4203
  0.090625    49.4593
  0.091875    54.4612
  0.093125    62.8254
  0.094375    77.4713
  0.095625    105.408
  0.096875    167.021
  0.098125    346.717
  0.099375    6690.52
