  0.000625   0.269883
  0.001875    0.30216
  0.003125   0.324441
  0.004375   0.347579
  0.005625   0.369873
  0.006875   0.390974
  0.008125   0.410909
  0.009375   0.429767
  0.010625    0.44762
  0.011875   0.464504
  0.013125   0.480424
  0.014375    0.49536
  0.015625   0.509271
  0.016875   0.522104
  0.018125   0.533796
  0.019375   0.544282
  0.020625   0.553498
  0.021875   0.561386
  0.023125   0.567897
  0.024375   0.572996
  0.025625   0.576664
  0.026875   0.578901
  0.028125   0.579727
  0.029375   0.579187
  0.030625   0.577351
  0.031875   0.574313
  0.033125   0.570192
  0.034375   0.565134
  0.035625   0.559304
  0.036875   0.552891
  0.038125   0.546098
  0.039375    0.53914
  0.040625   0.532237
  0.041875   0.525609
  0.043125   0.519469
  0.044375   0.514015
  0.045625   0.509422
  0.046875   0.505841
  0.048125   0.503387
  0.049375    0.50214
  0.050625   0.502141
  0.051875    0.50339
  0.053125   0.505846
  0.054375    0.50943
  0.055625   0.514024
  0.056875    0.51948
  0.058125   0.525622
  0.059375   0.532251
  0.060625   0.539155
  0.061875   0.546115
  0.063125   0.552909
  0.064375   0.559323
  0.065625   0.565152
  0.066875   0.570211
  0.068125   0.574332
  0.069375   0.577371
  0.070625   0.579207
  0.071875   0.579746
  0.073125    0.57892
  0.074375   0.576683
  0.075625   0.573014
  0.076875   0.567914
  0.078125   0.561402
  0.079375   0.553514
  0.080625   0.544297
  0.081875    0.53381
  0.083125   0.522118
  0.084375   0.509284
  0.085625   0.495372
  0.086875   0.480435
  0.088125   0.464514
  0.089375   0.447629
  0.090625   0.429776
  0.091875   0.410917
  0.093125    0.39098
  0.094375   0.369878
  0.095625   0.347584
  0.096875   0.324444
  0.098125   0.302161
  0.099375   0.269882
