  0.000625   0.179922
  0.001875    0.20144
  0.003125   0.216294
  0.004375    0.23172
  0.005625   0.246582
  0.006875   0.260649
  0.008125   0.273939
  0.009375   0.286512
  0.010625   0.298413
  0.011875   0.309669
  0.013125   0.320283
  0.014375    0.33024
  0.015625   0.339514
  0.016875    0.34807
  0.018125   0.355864
  0.019375   0.362855
  0.020625   0.368999
  0.021875   0.374257
  0.023125   0.378598
  0.024375   0.381998
  0.025625   0.384443
  0.026875   0.385934
  0.028125   0.386485
  0.029375   0.386125
  0.030625   0.384901
  0.031875   0.382875
  0.033125   0.380128
  0.034375   0.376756
  0.035625    0.37287
  0.036875   0.368594
  0.038125   0.364065
  0.039375   0.359427
  0.040625   0.354825
  0.041875   0.350406
  0.043125   0.346313
  0.044375   0.342677
  0.045625   0.339615
  0.046875   0.337227
  0.048125   0.335591
  0.049375    0.33476
  0.050625   0.334761
  0.051875   0.335593
  0.053125   0.337231
  0.054375    0.33962
  0.055625   0.342683
  0.056875    0.34632
  0.058125   0.350415
  0.059375   0.354834
  0.060625   0.359437
  0.061875   0.364077
  0.063125   0.368606
  0.064375   0.372882
  0.065625   0.376768
  0.066875   0.380141
  0.068125   0.382888
  0.069375   0.384914
  0.070625   0.386138
  0.071875   0.386497
  0.073125   0.385946
  0.074375   0.384455
  0.075625   0.382009
  0.076875    0.37861
  0.078125   0.374268
  0.079375   0.369009
  0.080625   0.362865
  0.081875   0.355874
  0.083125   0.348079
  0.084375   0.339523
  0.085625   0.330248
  0.086875    0.32029
  0.088125   0.309676
  0.089375   0.298419
  0.090625   0.286517
  0.091875   0.273944
  0.093125   0.260654
  0.094375   0.246586
  0.095625   0.231723
  0.096875   0.216296
  0.098125    0.20144
  0.099375   0.179921
