  0.000625  -0.487754
  0.001875 -0.0876194
  0.003125 -0.0848404
  0.004375 -0.0856862
  0.005625 -0.0882294
  0.006875 -0.0921667
  0.008125 -0.0972723
  0.009375   -0.10335
  0.010625   -0.11021
  0.011875  -0.117665
  0.013125  -0.125526
  0.014375  -0.133606
  0.015625   -0.14172
  0.016875  -0.149691
  0.018125  -0.157348
  0.019375  -0.164532
  0.020625  -0.171091
  0.021875  -0.176886
  0.023125  -0.181791
  0.024375  -0.185693
  0.025625  -0.188492
  0.026875  -0.190103
  0.028125  -0.190456
  0.029375  -0.189496
  0.030625  -0.187181
  0.031875  -0.183488
  0.033125  -0.178407
  0.034375  -0.171944
  0.035625  -0.164121
  0.036875  -0.154973
  0.038125  -0.144553
  0.039375  -0.132925
  0.040625  -0.120171
  0.041875  -0.106384
  0.043125 -0.0916699
  0.044375  -0.076148
  0.045625 -0.0599481
  0.046875 -0.0432097
  0.048125 -0.0260807
  0.049375 -0.00871459
  0.050625 0.00873087
  0.051875  0.0260969
  0.053125  0.0432258
  0.054375  0.0599639
  0.055625  0.0761636
  0.056875  0.0916851
  0.058125   0.106399
  0.059375   0.120186
  0.060625   0.132939
  0.061875   0.144566
  0.063125   0.154986
  0.064375   0.164133
  0.065625   0.171956
  0.066875   0.178419
  0.068125   0.183499
  0.069375   0.187191
  0.070625   0.189505
  0.071875   0.190465
  0.073125   0.190112
  0.074375     0.1885
  0.075625     0.1857
  0.076875   0.181798
  0.078125   0.176892
  0.079375   0.171096
  0.080625   0.164537
  0.081875   0.157353
  0.083125   0.149695
  0.084375   0.141723
  0.085625   0.133609
  0.086875   0.125529
  0.088125   0.117667
  0.089375   0.110212
  0.090625   0.103351
  0.091875   0.097273
  0.093125   0.092167
  0.094375  0.0882294
  0.095625  0.0856861
  0.096875  0.0848401
  0.098125   0.087619
  0.099375   0.487751
