  0.000625     8.0611
  0.001875    8.66529
  0.003125    8.92791
  0.004375    9.08285
  0.005625    9.19144
  0.006875    9.27654
  0.008125     9.3485
  0.009375    9.41269
  0.010625    9.47215
  0.011875    9.52874
  0.013125    9.58365
  0.014375    9.63764
  0.015625    9.69121
  0.016875     9.7447
  0.018125     9.7983
  0.019375     9.8521
  0.020625    9.90613
  0.021875    9.96034
  0.023125    10.0147
  0.024375     10.069
  0.025625    10.1231
  0.026875    10.1769
  0.028125    10.2301
  0.029375    10.2825
  0.030625    10.3339
  0.031875     10.384
  0.033125    10.4325
  0.034375    10.4791
  0.035625    10.5236
  0.036875    10.5657
  0.038125     10.605
  0.039375    10.6413
  0.040625    10.6744
  0.041875    10.7039
  0.043125    10.7296
  0.044375    10.7514
  0.045625    10.7691
  0.046875    10.7825
  0.048125    10.7914
  0.049375    10.7959
  0.050625    10.7959
  0.051875    10.7914
  0.053125    10.7825
  0.054375    10.7691
  0.055625    10.7514
  0.056875    10.7296
  0.058125    10.7039
  0.059375    10.6743
  0.060625    10.6413
  0.061875     10.605
  0.063125    10.5656
  0.064375    10.5236
  0.065625    10.4791
  0.066875    10.4324
  0.068125    10.3839
  0.069375    10.3339
  0.070625    10.2825
  0.071875      10.23
  0.073125    10.1768
  0.074375    10.1231
  0.075625    10.0689
  0.076875    10.0146
  0.078125    9.96028
  0.079375    9.90606
  0.080625    9.85204
  0.081875    9.79823
  0.083125    9.74464
  0.084375    9.69115
  0.085625    9.63757
  0.086875    9.58358
  0.088125    9.52868
  0.089375    9.47209
  0.090625    9.41263
  0.091875    9.34844
  0.093125    9.27648
  0.094375    9.19138
  0.095625     9.0828
  0.096875    8.92786
  0.098125    8.66524
  0.099375    8.06106
