  0.000625   0.424172
  0.001875   0.448821
  0.003125   0.465074
  0.004375   0.481373
  0.005625    0.49657
  0.006875   0.510538
  0.008125   0.523392
  0.009375   0.535268
  0.010625   0.546272
  0.011875   0.556479
  0.013125   0.565935
  0.014375   0.574665
  0.015625   0.582679
  0.016875   0.589974
  0.018125   0.596543
  0.019375   0.602374
  0.020625   0.607453
  0.021875   0.611766
  0.023125   0.615303
  0.024375    0.61806
  0.025625   0.620035
  0.026875   0.621236
  0.028125   0.621679
  0.029375    0.62139
  0.030625   0.620404
  0.031875   0.618769
  0.033125   0.616545
  0.034375   0.613804
  0.035625    0.61063
  0.036875    0.60712
  0.038125   0.603378
  0.039375   0.599522
  0.040625   0.595672
  0.041875   0.591951
  0.043125   0.588484
  0.044375   0.585386
  0.045625   0.582765
  0.046875   0.580713
  0.048125   0.579302
  0.049375   0.578584
  0.050625   0.578585
  0.051875   0.579304
  0.053125   0.580716
  0.054375   0.582769
  0.055625   0.585391
  0.056875    0.58849
  0.058125   0.591958
  0.059375    0.59568
  0.060625   0.599531
  0.061875   0.603388
  0.063125   0.607129
  0.064375    0.61064
  0.065625   0.613815
  0.066875   0.616556
  0.068125    0.61878
  0.069375   0.620414
  0.070625     0.6214
  0.071875   0.621689
  0.073125   0.621246
  0.074375   0.620044
  0.075625   0.618069
  0.076875   0.615313
  0.078125   0.611775
  0.079375   0.607461
  0.080625   0.602383
  0.081875   0.596551
  0.083125   0.589982
  0.084375   0.582686
  0.085625   0.574672
  0.086875   0.565942
  0.088125   0.556485
  0.089375   0.546278
  0.090625   0.535273
  0.091875   0.523397
  0.093125   0.510542
  0.094375   0.496574
  0.095625   0.481376
  0.096875   0.465076
  0.098125   0.448821
  0.099375   0.424171
