  0.000625     101.37
  0.001875     42.402
  0.003125    34.5242
  0.004375     34.253
  0.005625    36.3496
  0.006875    39.3158
  0.008125    42.3772
  0.009375    44.9958
  0.010625    46.7825
  0.011875      47.49
  0.013125     47.015
  0.014375    45.3874
  0.015625    42.7458
  0.016875    39.3045
  0.018125    35.3162
  0.019375    31.0388
  0.020625    26.7084
  0.021875    22.5216
  0.023125    18.6263
  0.024375    15.1202
  0.025625    12.0556
  0.026875    9.44642
  0.028125     7.2778
  0.029375    5.51503
  0.030625    4.11174
  0.031875    3.01653
  0.033125    2.17784
  0.034375    1.54738
  0.035625    1.08206
  0.036875   0.744987
  0.038125   0.505645
  0.039375    0.33958
  0.040625   0.227752
  0.041875    0.15578
  0.043125   0.113722
  0.044375   0.100746
  0.045625   0.229587
  0.046875 0.00628452
  0.048125 0.000509983
  0.049375 2.68288e-09
  0.050625 2.68319e-09
  0.051875 0.000510029
  0.053125 0.00628465
  0.054375   0.229591
  0.055625    0.10075
  0.056875   0.113729
  0.058125   0.155791
  0.059375   0.227768
  0.060625   0.339603
  0.061875   0.505679
  0.063125   0.745036
  0.064375    1.08213
  0.065625    1.54747
  0.066875    2.17797
  0.068125    3.01669
  0.069375    4.11196
  0.070625    5.51531
  0.071875    7.27816
  0.073125    9.44686
  0.074375    12.0561
  0.075625    15.1208
  0.076875     18.627
  0.078125    22.5225
  0.079375    26.7094
  0.080625    31.0398
  0.081875    35.3173
  0.083125    39.3056
  0.084375     42.747
  0.085625    45.3886
  0.086875    47.0162
  0.088125    47.4911
  0.089375    46.7835
  0.090625    44.9967
  0.091875     42.378
  0.093125    39.3165
  0.094375    36.3502
  0.095625    34.2535
  0.096875    34.5247
  0.098125    42.4024
  0.099375    101.371
