  0.000625     4916.2
  0.001875    180.131
  0.003125    116.356
  0.004375    115.298
  0.005625    127.319
  0.006875     141.94
  0.008125    155.536
  0.009375    166.503
  0.010625    174.156
  0.011875    178.315
  0.013125    179.108
  0.014375    176.845
  0.015625    171.945
  0.016875    164.877
  0.018125    156.125
  0.019375    146.159
  0.020625    135.415
  0.021875    124.281
  0.023125    113.091
  0.024375    102.117
  0.025625    91.5698
  0.026875    81.6062
  0.028125    72.3296
  0.029375    63.7987
  0.030625    56.0348
  0.031875    49.0291
  0.033125    42.7494
  0.034375    37.1472
  0.035625    32.1639
  0.036875     27.742
  0.038125    23.8445
  0.039375    20.4878
  0.040625    17.7722
  0.041875    15.8595
  0.043125    15.0645
  0.044375    17.8742
  0.045625    1507.88
  0.046875    5756.28
  0.048125    6110.55
  0.049375    1851.72
  0.050625    1851.93
  0.051875    6110.81
  0.053125    5756.15
  0.054375    1507.59
  0.055625    17.8735
  0.056875    15.0642
  0.058125    15.8596
  0.059375    17.7724
  0.060625    20.4881
  0.061875    23.8448
  0.063125    27.7423
  0.064375    32.1642
  0.065625    37.1475
  0.066875    42.7498
  0.068125    49.0295
  0.069375    56.0353
  0.070625    63.7993
  0.071875    72.3303
  0.073125     81.607
  0.074375    91.5707
  0.075625    102.118
  0.076875    113.092
  0.078125    124.283
  0.079375    135.416
  0.080625     146.16
  0.081875    156.126
  0.083125    164.878
  0.084375    171.946
  0.085625    176.846
  0.086875    179.109
  0.088125    178.316
  0.089375    174.156
  0.090625    166.503
  0.091875    155.536
  0.093125     141.94
  0.094375    127.318
  0.095625    115.297
  0.096875    116.355
  0.098125    180.128
  0.099375    4916.14
