  0.000625   0.291883
  0.001875   0.471431
  0.003125    0.59867
  0.004375   0.705346
  0.005625   0.801202
  0.006875   0.886758
  0.008125   0.959453
  0.009375    1.01598
  0.010625    1.05348
  0.011875    1.07024
  0.013125     1.0659
  0.014375    1.04144
  0.015625   0.999035
  0.016875   0.941661
  0.018125   0.872807
  0.019375   0.796124
  0.020625   0.715142
  0.021875   0.633053
  0.023125   0.552568
  0.024375    0.47584
  0.025625   0.404457
  0.026875   0.339464
  0.028125   0.281429
  0.029375   0.230522
  0.030625   0.186599
  0.031875   0.149288
  0.033125   0.118059
  0.034375  0.0922927
  0.035625   0.071334
  0.036875  0.0545299
  0.038125  0.0412603
  0.039375  0.0309534
  0.040625  0.0230812
  0.041875  0.0171231
  0.043125  0.0124716
  0.044375 0.00810656
  0.045625 0.000943444
  0.046875 5.10677e-06
  0.048125 3.76511e-07
  0.049375 3.03384e-12
  0.050625 3.0341e-12
  0.051875 3.76529e-07
  0.053125 5.10701e-06
  0.054375 0.000943658
  0.055625 0.00810697
  0.056875  0.0124722
  0.058125   0.017124
  0.059375  0.0230824
  0.060625   0.030955
  0.061875  0.0412624
  0.063125  0.0545325
  0.064375  0.0713374
  0.065625  0.0922969
  0.066875   0.118064
  0.068125   0.149294
  0.069375   0.186607
  0.070625   0.230531
  0.071875   0.281439
  0.073125   0.339476
  0.074375   0.404471
  0.075625   0.475856
  0.076875   0.552585
  0.078125   0.633072
  0.079375   0.715163
  0.080625   0.796145
  0.081875   0.872829
  0.083125   0.941683
  0.084375   0.999058
  0.085625    1.04147
  0.086875    1.06592
  0.088125    1.07026
  0.089375     1.0535
  0.090625    1.01599
  0.091875   0.959468
  0.093125   0.886771
  0.094375   0.801214
  0.095625   0.705356
  0.096875   0.598678
  0.098125   0.471437
  0.099375   0.291884
