  0.000625   0.194589
  0.001875   0.314288
  0.003125   0.399113
  0.004375   0.470231
  0.005625   0.534135
  0.006875   0.591172
  0.008125   0.639635
  0.009375   0.677317
  0.010625   0.702322
  0.011875   0.713495
  0.013125   0.710598
  0.014375   0.694296
  0.015625   0.666024
  0.016875   0.627774
  0.018125   0.581871
  0.019375   0.530749
  0.020625   0.476762
  0.021875   0.422036
  0.023125   0.368378
  0.024375   0.317227
  0.025625   0.269638
  0.026875   0.226309
  0.028125   0.187619
  0.029375   0.153681
  0.030625     0.1244
  0.031875  0.0995253
  0.033125  0.0787058
  0.034375  0.0615285
  0.035625   0.047556
  0.036875  0.0363533
  0.038125  0.0275069
  0.039375  0.0206356
  0.040625  0.0153875
  0.041875  0.0114154
  0.043125  0.0083144
  0.044375 0.00540437
  0.045625 0.000628962
  0.046875 3.40451e-06
  0.048125 2.51007e-07
  0.049375 2.02256e-12
  0.050625 2.02273e-12
  0.051875 2.51019e-07
  0.053125 3.40467e-06
  0.054375 0.000629106
  0.055625 0.00540465
  0.056875  0.0083148
  0.058125   0.011416
  0.059375  0.0153883
  0.060625  0.0206367
  0.061875  0.0275082
  0.063125   0.036355
  0.064375  0.0475582
  0.065625  0.0615313
  0.066875  0.0787092
  0.068125  0.0995295
  0.069375   0.124405
  0.070625   0.153687
  0.071875   0.187626
  0.073125   0.226317
  0.074375   0.269647
  0.075625   0.317237
  0.076875    0.36839
  0.078125   0.422048
  0.079375   0.476775
  0.080625   0.530764
  0.081875   0.581886
  0.083125   0.627789
  0.084375   0.666039
  0.085625   0.694311
  0.086875   0.710612
  0.088125   0.713508
  0.089375   0.702335
  0.090625   0.677329
  0.091875   0.639645
  0.093125   0.591181
  0.094375   0.534142
  0.095625   0.470237
  0.096875   0.399119
  0.098125   0.314291
  0.099375   0.194589
