  0.000625    5.99643
  0.001875    6.29408
  0.003125    6.44675
  0.004375    6.58497
  0.005625      6.735
  0.006875    6.90326
  0.008125    7.08985
  0.009375     7.2921
  0.010625    7.50611
  0.011875    7.72749
  0.013125     7.9519
  0.014375    8.17526
  0.015625    8.39401
  0.016875    8.60513
  0.018125     8.8062
  0.019375    8.99544
  0.020625     9.1716
  0.021875    9.33397
  0.023125     9.4823
  0.024375     9.6167
  0.025625    9.73759
  0.026875    9.84563
  0.028125    9.94161
  0.029375    10.0265
  0.030625    10.1011
  0.031875    10.1665
  0.033125    10.2237
  0.034375    10.2734
  0.035625    10.3165
  0.036875    10.3538
  0.038125    10.3859
  0.039375    10.4134
  0.040625    10.4371
  0.041875    10.4579
  0.043125    10.4768
  0.044375    10.4955
  0.045625    10.5215
  0.046875    14.2652
  0.048125    24.9122
  0.049375    29.5416
  0.050625    29.5415
  0.051875    24.9118
  0.053125    14.2644
  0.054375    10.5214
  0.055625    10.4955
  0.056875    10.4767
  0.058125    10.4578
  0.059375    10.4371
  0.060625    10.4134
  0.061875    10.3858
  0.063125    10.3538
  0.064375    10.3165
  0.065625    10.2733
  0.066875    10.2236
  0.068125    10.1665
  0.069375     10.101
  0.070625    10.0264
  0.071875    9.94154
  0.073125    9.84556
  0.074375    9.73753
  0.075625    9.61663
  0.076875    9.48223
  0.078125     9.3339
  0.079375    9.17153
  0.080625    8.99536
  0.081875    8.80613
  0.083125    8.60505
  0.084375    8.39393
  0.085625    8.17518
  0.086875    7.95181
  0.088125    7.72741
  0.089375    7.50602
  0.090625    7.29202
  0.091875    7.08977
  0.093125    6.90318
  0.094375    6.73492
  0.095625    6.58488
  0.096875    6.44667
  0.098125      6.294
  0.099375    5.99635
