  0.000625   -0.37186
  0.001875 -0.0849732
  0.003125  -0.108713
  0.004375   -0.15072
  0.005625  -0.202357
  0.006875    -0.2555
  0.008125   -0.30408
  0.009375  -0.343764
  0.010625  -0.371837
  0.011875  -0.387072
  0.013125  -0.389538
  0.014375  -0.380341
  0.015625  -0.361328
  0.016875  -0.334773
  0.018125  -0.303094
  0.019375  -0.268611
  0.020625   -0.23337
  0.021875  -0.199035
  0.023125  -0.166846
  0.024375  -0.137627
  0.025625  -0.111828
  0.026875 -0.0895952
  0.028125 -0.0708426
  0.029375  -0.055326
  0.030625 -0.0427066
  0.031875 -0.0326016
  0.033125 -0.0246231
  0.034375 -0.0184037
  0.035625  -0.013613
  0.036875 -0.00996553
  0.038125 -0.0072252
  0.039375 -0.00520252
  0.040625 -0.00374144
  0.041875 -0.00268649
  0.043125 -0.00185437
  0.044375 -0.00104934
  0.045625 -0.000526131
  0.046875 -2.14984e-06
  0.048125 -1.5287e-07
  0.049375 -5.71747e-13
  0.050625 5.71843e-13
  0.051875 1.52878e-07
  0.053125 2.14994e-06
  0.054375 0.000526261
  0.055625 0.00104936
  0.056875  0.0018544
  0.058125 0.00268659
  0.059375 0.00374161
  0.060625 0.00520276
  0.061875 0.00722553
  0.063125 0.00996596
  0.064375  0.0136135
  0.065625  0.0184045
  0.066875   0.024624
  0.068125  0.0326028
  0.069375  0.0427081
  0.070625  0.0553281
  0.071875  0.0708451
  0.073125  0.0895984
  0.074375   0.111832
  0.075625   0.137632
  0.076875   0.166852
  0.078125   0.199041
  0.079375   0.233377
  0.080625   0.268619
  0.081875   0.303102
  0.083125   0.334781
  0.084375   0.361336
  0.085625   0.380349
  0.086875   0.389546
  0.088125   0.387079
  0.089375   0.371843
  0.090625   0.343769
  0.091875   0.304084
  0.093125   0.255503
  0.094375   0.202359
  0.095625   0.150721
  0.096875   0.108713
  0.098125  0.0849728
  0.099375   0.371856
