  0.000625   0.441122
  0.001875   0.560614
  0.003125   0.631754
  0.004375   0.685734
  0.005625   0.730845
  0.006875   0.768877
  0.008125   0.799772
  0.009375   0.822993
  0.010625   0.838047
  0.011875   0.844686
  0.013125   0.842969
  0.014375   0.833244
  0.015625   0.816103
  0.016875   0.792322
  0.018125   0.762805
  0.019375   0.728526
  0.020625   0.690479
  0.021875   0.649643
  0.023125   0.606942
  0.024375   0.563229
  0.025625   0.519267
  0.026875    0.47572
  0.028125    0.43315
  0.029375   0.392022
  0.030625   0.352703
  0.031875   0.315476
  0.033125   0.280545
  0.034375   0.248049
  0.035625   0.218073
  0.036875   0.190665
  0.038125   0.165852
  0.039375   0.143651
  0.040625   0.124046
  0.041875   0.106843
  0.043125  0.0911833
  0.044375  0.0735144
  0.045625  0.0250791
  0.046875 0.00184513
  0.048125 0.000501006
  0.049375 1.42217e-06
  0.050625 1.42223e-06
  0.051875 0.000501018
  0.053125 0.00184518
  0.054375   0.025082
  0.055625  0.0735163
  0.056875  0.0911855
  0.058125   0.106846
  0.059375   0.124049
  0.060625   0.143655
  0.061875   0.165856
  0.063125    0.19067
  0.064375   0.218079
  0.065625   0.248055
  0.066875   0.280552
  0.068125   0.315483
  0.069375    0.35271
  0.070625   0.392029
  0.071875   0.433158
  0.073125   0.475728
  0.074375   0.519276
  0.075625   0.563238
  0.076875   0.606951
  0.078125   0.649652
  0.079375   0.690489
  0.080625   0.728535
  0.081875   0.762814
  0.083125   0.792331
  0.084375   0.816112
  0.085625   0.833253
  0.086875   0.842978
  0.088125   0.844694
  0.089375   0.838054
  0.090625      0.823
  0.091875   0.799778
  0.093125   0.768883
  0.094375    0.73085
  0.095625   0.685738
  0.096875   0.631758
  0.098125   0.560617
  0.099375   0.441123
