  0.000625    78.3124
  0.001875    30.9701
  0.003125    17.2289
  0.004375    11.3867
  0.005625    8.24588
  0.006875    6.32048
  0.008125    5.04293
  0.009375    4.15055
  0.010625    3.50431
  0.011875    3.02335
  0.013125     2.6574
  0.014375    2.37369
  0.015625    2.15012
  0.016875    1.97133
  0.018125    1.82647
  0.019375    1.70769
  0.020625    1.60922
  0.021875    1.52678
  0.023125    1.45713
  0.024375    1.39779
  0.025625    1.34686
  0.026875    1.30285
  0.028125    1.26458
  0.029375    1.23114
  0.030625    1.20178
  0.031875    1.17591
  0.033125    1.15307
  0.034375    1.13286
  0.035625    1.11499
  0.036875    1.09921
  0.038125    1.08532
  0.039375    1.07315
  0.040625    1.06259
  0.041875    1.05352
  0.043125    1.04588
  0.044375    1.03959
  0.045625    1.03461
  0.046875    1.03091
  0.048125    1.02845
  0.049375    1.02723
  0.050625    1.02723
  0.051875    1.02846
  0.053125    1.03091
  0.054375    1.03462
  0.055625     1.0396
  0.056875    1.04589
  0.058125    1.05354
  0.059375    1.06261
  0.060625    1.07318
  0.061875    1.08534
  0.063125    1.09924
  0.064375    1.11502
  0.065625     1.1329
  0.066875     1.1531
  0.068125    1.17595
  0.069375    1.20182
  0.070625    1.23118
  0.071875    1.26462
  0.073125    1.30289
  0.074375    1.34691
  0.075625    1.39784
  0.076875    1.45717
  0.078125    1.52682
  0.079375    1.60926
  0.080625    1.70773
  0.081875    1.82651
  0.083125    1.97136
  0.084375    2.15014
  0.085625    2.37371
  0.086875    2.65741
  0.088125    3.02335
  0.089375     3.5043
  0.090625    4.15053
  0.091875    5.04289
  0.093125    6.32042
  0.094375     8.2458
  0.095625    11.3866
  0.096875    17.2288
  0.098125    30.9699
  0.099375     78.312
