  0.000625    6625.06
  0.001875    429.384
  0.003125    244.104
  0.004375    168.447
  0.005625    125.483
  0.006875    97.5698
  0.008125    77.9852
  0.009375    63.6034
  0.010625    52.7415
  0.011875    44.3837
  0.013125    37.8634
  0.014375    32.7178
  0.015625    28.6135
  0.016875    25.3049
  0.018125    22.6085
  0.019375    20.3855
  0.020625    18.5302
  0.021875    16.9613
  0.023125    15.6159
  0.024375    14.4448
  0.025625    13.4097
  0.026875    12.4803
  0.028125    11.6323
  0.029375    10.8468
  0.030625    10.1084
  0.031875    9.40501
  0.033125    8.72701
  0.034375    8.06671
  0.035625    7.41813
  0.036875    6.77661
  0.038125    6.13863
  0.039375    5.50157
  0.040625     4.8636
  0.041875    4.22353
  0.043125    3.58067
  0.044375    2.93478
  0.045625    2.28598
  0.046875    1.63463
  0.048125   0.981324
  0.049375   0.326786
  0.050625    0.32817
  0.051875   0.982705
  0.053125      1.636
  0.054375    2.28734
  0.055625    2.93614
  0.056875      3.582
  0.058125    4.22484
  0.059375     4.8649
  0.060625    5.50284
  0.061875    6.13986
  0.063125    6.77781
  0.064375    7.41929
  0.065625    8.06783
  0.066875    8.72808
  0.068125    9.40604
  0.069375    10.1093
  0.070625    10.8477
  0.071875    11.6331
  0.073125     12.481
  0.074375    13.4104
  0.075625    14.4454
  0.076875    15.6164
  0.078125    16.9617
  0.079375    18.5305
  0.080625    20.3857
  0.081875    22.6086
  0.083125    25.3048
  0.084375    28.6132
  0.085625    32.7173
  0.086875    37.8627
  0.088125    44.3827
  0.089375    52.7404
  0.090625    63.6021
  0.091875    77.9836
  0.093125    97.5681
  0.094375    125.481
  0.095625    168.446
  0.096875    244.103
  0.098125    429.383
  0.099375    6625.04
