  0.000625   0.246117
  0.001875   0.250814
  0.003125   0.235072
  0.004375   0.224274
  0.005625   0.216367
  0.006875   0.210492
  0.008125   0.206221
  0.009375   0.203265
  0.010625   0.201391
  0.011875   0.200392
  0.013125    0.20009
  0.014375   0.200329
  0.015625   0.200982
  0.016875   0.201941
  0.018125   0.203121
  0.019375   0.204452
  0.020625   0.205879
  0.021875   0.207357
  0.023125   0.208852
  0.024375   0.210336
  0.025625   0.211788
  0.026875   0.213191
  0.028125   0.214532
  0.029375   0.215803
  0.030625   0.216995
  0.031875   0.218106
  0.033125   0.219133
  0.034375   0.220074
  0.035625   0.220929
  0.036875   0.221701
  0.038125   0.222389
  0.039375   0.222998
  0.040625    0.22353
  0.041875   0.223987
  0.043125   0.224373
  0.044375   0.224689
  0.045625   0.224939
  0.046875   0.225125
  0.048125   0.225248
  0.049375   0.225309
  0.050625   0.225309
  0.051875   0.225248
  0.053125   0.225126
  0.054375   0.224941
  0.055625   0.224691
  0.056875   0.224375
  0.058125    0.22399
  0.059375   0.223533
  0.060625   0.223002
  0.061875   0.222393
  0.063125   0.221704
  0.064375   0.220933
  0.065625   0.220078
  0.066875   0.219137
  0.068125   0.218111
  0.069375      0.217
  0.070625   0.215807
  0.071875   0.214537
  0.073125   0.213196
  0.074375   0.211793
  0.075625   0.210341
  0.076875   0.208857
  0.078125   0.207362
  0.079375   0.205883
  0.080625   0.204457
  0.081875   0.203125
  0.083125   0.201945
  0.084375   0.200986
  0.085625   0.200333
  0.086875   0.200093
  0.088125   0.200395
  0.089375   0.201393
  0.090625   0.203267
  0.091875   0.206222
  0.093125   0.210493
  0.094375   0.216367
  0.095625   0.224274
  0.096875   0.235071
  0.098125   0.250813
  0.099375   0.246116
