  0.000625  -0.461196
  0.001875  -0.078496
  0.003125 -0.0704628
  0.004375 -0.0669679
  0.005625 -0.0641166
  0.006875 -0.0615573
  0.008125 -0.0591884
  0.009375 -0.0569828
  0.010625 -0.0549379
  0.011875 -0.0530566
  0.013125 -0.0513399
  0.014375 -0.0497842
  0.015625 -0.0483799
  0.016875 -0.0471127
  0.018125 -0.0459633
  0.019375 -0.0449096
  0.020625 -0.0439269
  0.021875 -0.0429895
  0.023125 -0.0420714
  0.024375 -0.0411471
  0.025625 -0.0401922
  0.026875  -0.039184
  0.028125 -0.0381018
  0.029375 -0.0369274
  0.030625 -0.0356452
  0.031875 -0.0342424
  0.033125 -0.0327091
  0.034375 -0.0310383
  0.035625 -0.0292261
  0.036875 -0.0272714
  0.038125  -0.025176
  0.039375 -0.0229442
  0.040625  -0.020583
  0.041875 -0.0181018
  0.043125 -0.0155119
  0.044375 -0.0128269
  0.045625 -0.0100616
  0.046875 -0.00723253
  0.048125 -0.00435705
  0.049375 -0.00145344
  0.050625  0.0014596
  0.051875 0.00436319
  0.053125 0.00723862
  0.054375  0.0100676
  0.055625  0.0128328
  0.056875  0.0155178
  0.058125  0.0181074
  0.059375  0.0205885
  0.060625  0.0229495
  0.061875  0.0251812
  0.063125  0.0272764
  0.064375  0.0292309
  0.065625  0.0310429
  0.066875  0.0327134
  0.068125  0.0342464
  0.069375   0.035649
  0.070625  0.0369309
  0.071875  0.0381051
  0.073125   0.039187
  0.074375  0.0401949
  0.075625  0.0411496
  0.076875  0.0420736
  0.078125  0.0429914
  0.079375  0.0439285
  0.080625   0.044911
  0.081875  0.0459645
  0.083125  0.0471136
  0.084375  0.0483807
  0.085625  0.0497847
  0.086875  0.0513403
  0.088125  0.0530569
  0.089375  0.0549381
  0.090625  0.0569828
  0.091875  0.0591883
  0.093125  0.0615572
  0.094375  0.0641164
  0.095625  0.0669677
  0.096875  0.0704626
  0.098125  0.0784958
  0.099375   0.461194
