  0.000625   0.164078
  0.001875   0.167209
  0.003125   0.156714
  0.004375   0.149516
  0.005625   0.144245
  0.006875   0.140328
  0.008125   0.137481
  0.009375    0.13551
  0.010625   0.134261
  0.011875   0.133595
  0.013125   0.133393
  0.014375   0.133553
  0.015625   0.133988
  0.016875   0.134628
  0.018125   0.135414
  0.019375   0.136301
  0.020625   0.137253
  0.021875   0.138238
  0.023125   0.139235
  0.024375   0.140224
  0.025625   0.141192
  0.026875   0.142127
  0.028125   0.143021
  0.029375   0.143868
  0.030625   0.144664
  0.031875   0.145404
  0.033125   0.146088
  0.034375   0.146716
  0.035625   0.147286
  0.036875     0.1478
  0.038125    0.14826
  0.039375   0.148666
  0.040625    0.14902
  0.041875   0.149325
  0.043125   0.149582
  0.044375   0.149793
  0.045625    0.14996
  0.046875   0.150083
  0.048125   0.150165
  0.049375   0.150206
  0.050625   0.150206
  0.051875   0.150166
  0.053125   0.150084
  0.054375    0.14996
  0.055625   0.149794
  0.056875   0.149583
  0.058125   0.149326
  0.059375   0.149022
  0.060625   0.148668
  0.061875   0.148262
  0.063125   0.147803
  0.064375   0.147289
  0.065625   0.146719
  0.066875   0.146091
  0.068125   0.145407
  0.069375   0.144667
  0.070625   0.143872
  0.071875   0.143025
  0.073125    0.14213
  0.074375   0.141195
  0.075625   0.140227
  0.076875   0.139238
  0.078125   0.138241
  0.079375   0.137256
  0.080625   0.136304
  0.081875   0.135417
  0.083125    0.13463
  0.084375    0.13399
  0.085625   0.133555
  0.086875   0.133395
  0.088125   0.133597
  0.089375   0.134262
  0.090625   0.135511
  0.091875   0.137481
  0.093125   0.140328
  0.094375   0.144245
  0.095625   0.149516
  0.096875   0.156714
  0.098125   0.167209
  0.099375   0.164078
