  0.000625   0.405065
  0.001875   0.408912
  0.003125   0.395872
  0.004375   0.386673
  0.005625   0.379795
  0.006875   0.374604
  0.008125   0.370784
  0.009375   0.368117
  0.010625   0.366416
  0.011875   0.365506
  0.013125    0.36523
  0.014375   0.365449
  0.015625   0.366044
  0.016875   0.366916
  0.018125   0.367987
  0.019375    0.36919
  0.020625   0.370476
  0.021875   0.371804
  0.023125   0.373142
  0.024375   0.374465
  0.025625   0.375755
  0.026875   0.376998
  0.028125   0.378182
  0.029375     0.3793
  0.030625   0.380347
  0.031875   0.381319
  0.033125   0.382215
  0.034375   0.383035
  0.035625   0.383779
  0.036875   0.384448
  0.038125   0.385045
  0.039375   0.385572
  0.040625   0.386031
  0.041875   0.386426
  0.043125   0.386758
  0.044375   0.387031
  0.045625   0.387246
  0.046875   0.387406
  0.048125   0.387512
  0.049375   0.387564
  0.050625   0.387564
  0.051875   0.387512
  0.053125   0.387407
  0.054375   0.387247
  0.055625   0.387032
  0.056875    0.38676
  0.058125   0.386428
  0.059375   0.386033
  0.060625   0.385574
  0.061875   0.385048
  0.063125   0.384451
  0.064375   0.383782
  0.065625   0.383039
  0.066875   0.382219
  0.068125   0.381323
  0.069375   0.380351
  0.070625   0.379304
  0.071875   0.378186
  0.073125   0.377002
  0.074375    0.37576
  0.075625   0.374469
  0.076875   0.373146
  0.078125   0.371808
  0.079375    0.37048
  0.080625   0.369194
  0.081875    0.36799
  0.083125    0.36692
  0.084375   0.366047
  0.085625   0.365452
  0.086875   0.365233
  0.088125   0.365509
  0.089375   0.366418
  0.090625   0.368119
  0.091875   0.370785
  0.093125   0.374604
  0.094375   0.379795
  0.095625   0.386673
  0.096875   0.395871
  0.098125   0.408911
  0.099375   0.405065
