  0.000625    7.92793
  0.001875     8.6347
  0.003125    9.00139
  0.004375    9.24497
  0.005625    9.42251
  0.006875    9.55867
  0.008125    9.66644
  0.009375    9.75363
  0.010625    9.82544
  0.011875    9.88549
  0.013125     9.9364
  0.014375    9.98015
  0.015625    10.0182
  0.016875    10.0517
  0.018125    10.0815
  0.019375    10.1082
  0.020625    10.1324
  0.021875    10.1545
  0.023125    10.1748
  0.024375    10.1936
  0.025625    10.2109
  0.026875    10.2271
  0.028125    10.2421
  0.029375    10.2562
  0.030625    10.2693
  0.031875    10.2814
  0.033125    10.2928
  0.034375    10.3033
  0.035625    10.3129
  0.036875    10.3218
  0.038125    10.3299
  0.039375    10.3372
  0.040625    10.3436
  0.041875    10.3493
  0.043125    10.3542
  0.044375    10.3583
  0.045625    10.3615
  0.046875     10.364
  0.048125    10.3656
  0.049375    10.3664
  0.050625    10.3664
  0.051875    10.3656
  0.053125     10.364
  0.054375    10.3615
  0.055625    10.3583
  0.056875    10.3542
  0.058125    10.3493
  0.059375    10.3436
  0.060625    10.3371
  0.061875    10.3299
  0.063125    10.3218
  0.064375    10.3129
  0.065625    10.3032
  0.066875    10.2927
  0.068125    10.2814
  0.069375    10.2692
  0.070625    10.2561
  0.071875    10.2421
  0.073125    10.2271
  0.074375    10.2109
  0.075625    10.1935
  0.076875    10.1748
  0.078125    10.1545
  0.079375    10.1324
  0.080625    10.1082
  0.081875    10.0814
  0.083125    10.0516
  0.084375    10.0182
  0.085625    9.98012
  0.086875    9.93637
  0.088125    9.88546
  0.089375    9.82542
  0.090625    9.75361
  0.091875    9.66641
  0.093125    9.55865
  0.094375    9.42249
  0.095625    9.24495
  0.096875    9.00138
  0.098125    8.63469
  0.099375    7.92792
