/*--------------------------------*- C++ -*----------------------------------*\
  =========                 |
  \\      /  F ield         | OpenFOAM: The Open Source CFD Toolbox
   \\    /   O peration     | Website:  https://openfoam.org
    \\  /    A nd           | Version:  7
     \\/     M anipulation  |
\*---------------------------------------------------------------------------*/
FoamFile
{
    version     2.0;
    format      ascii;
    class       faceList;
    location    "constant/polyMesh";
    object      faces;
}
// * * * * * * * * * * * * * * * * * * * * * * * * * * * * * * * * * * * * * //


140
(
4(1 6 31 26)
4(5 30 31 6)
4(2 7 32 27)
4(6 31 32 7)
4(3 8 33 28)
4(7 32 33 8)
4(8 33 34 9)
4(6 11 36 31)
4(10 35 36 11)
4(7 12 37 32)
4(11 36 37 12)
4(8 13 38 33)
4(12 37 38 13)
4(13 38 39 14)
4(11 16 41 36)
4(15 40 41 16)
4(12 17 42 37)
4(16 41 42 17)
4(13 18 43 38)
4(17 42 43 18)
4(18 43 44 19)
4(16 21 46 41)
4(20 45 46 21)
4(17 22 47 42)
4(21 46 47 22)
4(18 23 48 43)
4(22 47 48 23)
4(23 48 49 24)
4(21 51 71 46)
4(50 70 71 51)
4(22 52 72 47)
4(51 71 72 52)
4(23 53 73 48)
4(52 72 73 53)
4(53 73 74 54)
4(51 56 76 71)
4(55 75 76 56)
4(52 57 77 72)
4(56 76 77 57)
4(53 58 78 73)
4(57 77 78 58)
4(58 78 79 59)
4(56 61 81 76)
4(60 80 81 61)
4(57 62 82 77)
4(61 81 82 62)
4(58 63 83 78)
4(62 82 83 63)
4(63 83 84 64)
4(61 66 86 81)
4(62 67 87 82)
4(63 68 88 83)
4(0 1 26 25)
4(1 2 27 26)
4(2 3 28 27)
4(3 4 29 28)
4(65 85 86 66)
4(66 86 87 67)
4(67 87 88 68)
4(68 88 89 69)
4(4 9 34 29)
4(9 14 39 34)
4(14 19 44 39)
4(19 24 49 44)
4(24 54 74 49)
4(54 59 79 74)
4(59 64 84 79)
4(64 69 89 84)
4(0 25 30 5)
4(5 30 35 10)
4(10 35 40 15)
4(15 40 45 20)
4(20 45 70 50)
4(50 70 75 55)
4(55 75 80 60)
4(60 80 85 65)
4(0 5 6 1)
4(5 10 11 6)
4(10 15 16 11)
4(15 20 21 16)
4(1 6 7 2)
4(6 11 12 7)
4(11 16 17 12)
4(16 21 22 17)
4(2 7 8 3)
4(7 12 13 8)
4(12 17 18 13)
4(17 22 23 18)
4(3 8 9 4)
4(8 13 14 9)
4(13 18 19 14)
4(18 23 24 19)
4(25 26 31 30)
4(30 31 36 35)
4(35 36 41 40)
4(40 41 46 45)
4(26 27 32 31)
4(31 32 37 36)
4(36 37 42 41)
4(41 42 47 46)
4(27 28 33 32)
4(32 33 38 37)
4(37 38 43 42)
4(42 43 48 47)
4(28 29 34 33)
4(33 34 39 38)
4(38 39 44 43)
4(43 44 49 48)
4(20 50 51 21)
4(50 55 56 51)
4(55 60 61 56)
4(60 65 66 61)
4(21 51 52 22)
4(51 56 57 52)
4(56 61 62 57)
4(61 66 67 62)
4(22 52 53 23)
4(52 57 58 53)
4(57 62 63 58)
4(62 67 68 63)
4(23 53 54 24)
4(53 58 59 54)
4(58 63 64 59)
4(63 68 69 64)
4(45 46 71 70)
4(70 71 76 75)
4(75 76 81 80)
4(80 81 86 85)
4(46 47 72 71)
4(71 72 77 76)
4(76 77 82 81)
4(81 82 87 86)
4(47 48 73 72)
4(72 73 78 77)
4(77 78 83 82)
4(82 83 88 87)
4(48 49 74 73)
4(73 74 79 78)
4(78 79 84 83)
4(83 84 89 88)
)


// ************************************************************************* //
