  0.000625    84.9607
  0.001875    32.0182
  0.003125    17.6989
  0.004375    11.9292
  0.005625    9.01482
  0.006875    7.32946
  0.008125    6.26348
  0.009375    5.54519
  0.010625    5.03796
  0.011875    4.66657
  0.013125    4.38657
  0.014375    4.17018
  0.015625    3.99917
  0.016875    3.86114
  0.018125    3.74736
  0.019375    3.65151
  0.020625    3.56895
  0.021875    3.49618
  0.023125    3.43059
  0.024375    3.37018
  0.025625    3.31347
  0.026875    3.25937
  0.028125    3.20711
  0.029375    3.15617
  0.030625    3.10625
  0.031875    3.05726
  0.033125    3.00922
  0.034375    2.96231
  0.035625    2.91679
  0.036875    2.87298
  0.038125    2.83129
  0.039375    2.79213
  0.040625    2.75594
  0.041875    2.72316
  0.043125    2.69419
  0.044375    2.66941
  0.045625    2.64917
  0.046875    2.63373
  0.048125    2.62332
  0.049375    2.61808
  0.050625    2.61809
  0.051875    2.62334
  0.053125    2.63377
  0.054375    2.64922
  0.055625    2.66948
  0.056875    2.69426
  0.058125    2.72325
  0.059375    2.75604
  0.060625    2.79224
  0.061875    2.83141
  0.063125    2.87311
  0.064375    2.91693
  0.065625    2.96246
  0.066875    3.00938
  0.068125    3.05742
  0.069375    3.10642
  0.070625    3.15633
  0.071875    3.20728
  0.073125    3.25954
  0.074375    3.31364
  0.075625    3.37035
  0.076875    3.43075
  0.078125    3.49634
  0.079375     3.5691
  0.080625    3.65166
  0.081875    3.74751
  0.083125    3.86128
  0.084375     3.9993
  0.085625     4.1703
  0.086875    4.38668
  0.088125    4.66667
  0.089375    5.03805
  0.090625    5.54526
  0.091875    6.26352
  0.093125    7.32947
  0.094375    9.01478
  0.095625    11.9291
  0.096875    17.6987
  0.098125    32.0179
  0.099375    84.9604
