  0.000625    6738.66
  0.001875    397.669
  0.003125    205.134
  0.004375    130.539
  0.005625    92.6323
  0.006875    70.9151
  0.008125    57.4548
  0.009375    48.6306
  0.010625    42.5988
  0.011875    38.3401
  0.013125    35.2532
  0.014375    32.9634
  0.015625    31.2264
  0.016875    29.8765
  0.018125    28.7972
  0.019375    27.9043
  0.020625    27.1353
  0.021875    26.4428
  0.023125    25.7901
  0.024375    25.1485
  0.025625    24.4955
  0.026875    23.8131
  0.028125    23.0871
  0.029375    22.3064
  0.030625    21.4626
  0.031875    20.5496
  0.033125    19.5631
  0.034375     18.501
  0.035625    17.3624
  0.036875    16.1483
  0.038125    14.8608
  0.039375    13.5034
  0.040625    12.0805
  0.041875    10.5978
  0.043125    9.06165
  0.044375    7.47906
  0.045625    5.85776
  0.046875     4.2059
  0.048125    2.53198
  0.049375   0.844715
  0.050625   0.847005
  0.051875    2.53426
  0.053125    4.20817
  0.054375    5.86001
  0.055625    7.48128
  0.056875    9.06383
  0.058125       10.6
  0.059375    12.0826
  0.060625    13.5054
  0.061875    14.8628
  0.063125    16.1502
  0.064375    17.3643
  0.065625    18.5027
  0.066875    19.5648
  0.068125    20.5512
  0.069375    21.4641
  0.070625    22.3078
  0.071875    23.0884
  0.073125    23.8143
  0.074375    24.4966
  0.075625    25.1495
  0.076875    25.7909
  0.078125    26.4435
  0.079375    27.1359
  0.080625    27.9048
  0.081875    28.7975
  0.083125    29.8767
  0.084375    31.2265
  0.085625    32.9633
  0.086875    35.2528
  0.088125    38.3395
  0.089375    42.5979
  0.090625    48.6294
  0.091875     57.453
  0.093125    70.9127
  0.094375    92.6292
  0.095625    130.535
  0.096875    205.129
  0.098125    397.664
  0.099375    6738.64
