  0.000625   0.259842
  0.001875    0.27337
  0.003125   0.273146
  0.004375   0.278329
  0.005625   0.285973
  0.006875   0.294648
  0.008125   0.303664
  0.009375   0.312671
  0.010625   0.321479
  0.011875   0.329981
  0.013125    0.33811
  0.014375   0.345819
  0.015625   0.353075
  0.016875   0.359854
  0.018125   0.366133
  0.019375   0.371898
  0.020625   0.377135
  0.021875   0.381836
  0.023125   0.385998
  0.024375   0.389622
  0.025625   0.392714
  0.026875   0.395287
  0.028125   0.397359
  0.029375   0.398954
  0.030625   0.400101
  0.031875   0.400836
  0.033125   0.401199
  0.034375   0.401235
  0.035625   0.400991
  0.036875   0.400518
  0.038125    0.39987
  0.039375   0.399098
  0.040625   0.398255
  0.041875   0.397391
  0.043125   0.396554
  0.044375   0.395786
  0.045625   0.395124
  0.046875   0.394599
  0.048125   0.394236
  0.049375    0.39405
  0.050625   0.394051
  0.051875   0.394238
  0.053125   0.394602
  0.054375   0.395128
  0.055625   0.395791
  0.056875    0.39656
  0.058125   0.397399
  0.059375   0.398263
  0.060625   0.399107
  0.061875    0.39988
  0.063125   0.400529
  0.064375   0.401002
  0.065625   0.401247
  0.066875   0.401212
  0.068125   0.400849
  0.069375   0.400114
  0.070625   0.398967
  0.071875   0.397373
  0.073125   0.395301
  0.074375   0.392727
  0.075625   0.389635
  0.076875   0.386011
  0.078125   0.381849
  0.079375   0.377147
  0.080625    0.37191
  0.081875   0.366145
  0.083125   0.359865
  0.084375   0.353086
  0.085625   0.345829
  0.086875   0.338119
  0.088125    0.32999
  0.089375   0.321488
  0.090625   0.312678
  0.091875   0.303671
  0.093125   0.294654
  0.094375   0.285978
  0.095625   0.278332
  0.096875   0.273148
  0.098125    0.27337
  0.099375   0.259841
