  0.000625   0.173228
  0.001875   0.182247
  0.003125   0.182097
  0.004375   0.185553
  0.005625   0.190649
  0.006875   0.196432
  0.008125   0.202443
  0.009375   0.208447
  0.010625    0.21432
  0.011875   0.219988
  0.013125   0.225406
  0.014375   0.230546
  0.015625   0.235383
  0.016875   0.239902
  0.018125   0.244089
  0.019375   0.247932
  0.020625   0.251423
  0.021875   0.254557
  0.023125   0.257332
  0.024375   0.259748
  0.025625   0.261809
  0.026875   0.263525
  0.028125   0.264906
  0.029375   0.265969
  0.030625   0.266734
  0.031875   0.267224
  0.033125   0.267466
  0.034375    0.26749
  0.035625   0.267327
  0.036875   0.267012
  0.038125    0.26658
  0.039375   0.266065
  0.040625   0.265503
  0.041875   0.264928
  0.043125   0.264369
  0.044375   0.263857
  0.045625   0.263416
  0.046875   0.263066
  0.048125   0.262824
  0.049375     0.2627
  0.050625   0.262701
  0.051875   0.262825
  0.053125   0.263068
  0.054375   0.263419
  0.055625   0.263861
  0.056875   0.264374
  0.058125   0.264933
  0.059375   0.265509
  0.060625   0.266071
  0.061875   0.266586
  0.063125   0.267019
  0.064375   0.267335
  0.065625   0.267498
  0.066875   0.267475
  0.068125   0.267233
  0.069375   0.266743
  0.070625   0.265978
  0.071875   0.264915
  0.073125   0.263534
  0.074375   0.261818
  0.075625   0.259757
  0.076875   0.257341
  0.078125   0.254566
  0.079375   0.251432
  0.080625    0.24794
  0.081875   0.244097
  0.083125    0.23991
  0.084375   0.235391
  0.085625   0.230553
  0.086875   0.225413
  0.088125   0.219994
  0.089375   0.214325
  0.090625   0.208452
  0.091875   0.202447
  0.093125   0.196436
  0.094375   0.190652
  0.095625   0.185555
  0.096875   0.182098
  0.098125   0.182247
  0.099375   0.173227
