  0.000625    8.08583
  0.001875    8.76082
  0.003125    9.08001
  0.004375    9.27365
  0.005625    9.40635
  0.006875    9.50523
  0.008125    9.58364
  0.009375    9.64887
  0.010625    9.70522
  0.011875    9.75537
  0.013125    9.80107
  0.014375     9.8435
  0.015625    9.88348
  0.016875    9.92157
  0.018125    9.95817
  0.019375    9.99356
  0.020625    10.0279
  0.021875    10.0614
  0.023125     10.094
  0.024375    10.1259
  0.025625    10.1569
  0.026875    10.1871
  0.028125    10.2164
  0.029375    10.2448
  0.030625    10.2722
  0.031875    10.2985
  0.033125    10.3236
  0.034375    10.3474
  0.035625    10.3698
  0.036875    10.3908
  0.038125    10.4102
  0.039375     10.428
  0.040625     10.444
  0.041875    10.4582
  0.043125    10.4705
  0.044375    10.4808
  0.045625    10.4892
  0.046875    10.4955
  0.048125    10.4997
  0.049375    10.5018
  0.050625    10.5018
  0.051875    10.4997
  0.053125    10.4954
  0.054375    10.4891
  0.055625    10.4808
  0.056875    10.4704
  0.058125    10.4581
  0.059375    10.4439
  0.060625    10.4279
  0.061875    10.4102
  0.063125    10.3908
  0.064375    10.3698
  0.065625    10.3474
  0.066875    10.3235
  0.068125    10.2984
  0.069375    10.2722
  0.070625    10.2448
  0.071875    10.2164
  0.073125    10.1871
  0.074375    10.1569
  0.075625    10.1258
  0.076875     10.094
  0.078125    10.0613
  0.079375    10.0279
  0.080625    9.99351
  0.081875    9.95812
  0.083125    9.92151
  0.084375    9.88342
  0.085625    9.84345
  0.086875    9.80102
  0.088125    9.75532
  0.089375    9.70517
  0.090625    9.64882
  0.091875    9.58359
  0.093125    9.50519
  0.094375    9.40631
  0.095625    9.27362
  0.096875    9.07997
  0.098125    8.76079
  0.099375    8.08581
