  0.000625  -0.481966
  0.001875 -0.0835354
  0.003125 -0.0778259
  0.004375 -0.0762938
  0.005625 -0.0756309
  0.006875 -0.0755992
  0.008125 -0.0761273
  0.009375 -0.0771633
  0.010625 -0.0786486
  0.011875 -0.0805151
  0.013125 -0.0826858
  0.014375 -0.0850779
  0.015625 -0.0876051
  0.016875 -0.0901795
  0.018125 -0.0927141
  0.019375 -0.0951235
  0.020625 -0.0973263
  0.021875 -0.0992452
  0.023125  -0.100808
  0.024375   -0.10195
  0.025625  -0.102612
  0.026875  -0.102742
  0.028125  -0.102297
  0.029375  -0.101241
  0.030625  -0.099547
  0.031875 -0.0971957
  0.033125 -0.0941774
  0.034375 -0.0904906
  0.035625 -0.0861424
  0.036875 -0.0811486
  0.038125 -0.0755332
  0.039375 -0.0693279
  0.040625 -0.0625722
  0.041875 -0.0553126
  0.043125 -0.0476021
  0.044375 -0.0394997
  0.045625 -0.0310693
  0.046875 -0.0223791
  0.048125 -0.0135009
  0.049375 -0.00450892
  0.050625 0.00452115
  0.051875  0.0135131
  0.053125  0.0223912
  0.054375  0.0310813
  0.055625  0.0395115
  0.056875  0.0476138
  0.058125   0.055324
  0.059375  0.0625834
  0.060625  0.0693388
  0.061875  0.0755438
  0.063125  0.0811589
  0.064375  0.0861523
  0.065625  0.0905001
  0.066875  0.0941865
  0.068125  0.0972044
  0.069375  0.0995553
  0.070625   0.101249
  0.071875   0.102305
  0.073125   0.102749
  0.074375   0.102619
  0.075625   0.101956
  0.076875   0.100814
  0.078125  0.0992502
  0.079375  0.0973308
  0.080625  0.0951276
  0.081875  0.0927176
  0.083125  0.0901826
  0.084375  0.0876077
  0.085625  0.0850801
  0.086875  0.0826876
  0.088125  0.0805165
  0.089375  0.0786497
  0.090625   0.077164
  0.091875  0.0761278
  0.093125  0.0755994
  0.094375   0.075631
  0.095625  0.0762938
  0.096875  0.0778257
  0.098125   0.083535
  0.099375   0.481964
