  0.000625   0.416207
  0.001875   0.426904
  0.003125   0.426729
  0.004375   0.430759
  0.005625   0.436634
  0.006875   0.443207
  0.008125   0.449937
  0.009375    0.45656
  0.010625   0.462947
  0.011875   0.469028
  0.013125    0.47477
  0.014375   0.480152
  0.015625   0.485163
  0.016875   0.489798
  0.018125   0.494054
  0.019375   0.497928
  0.020625   0.501421
  0.021875   0.504537
  0.023125   0.507279
  0.024375   0.509655
  0.025625   0.511673
  0.026875   0.513347
  0.028125    0.51469
  0.029375   0.515722
  0.030625   0.516463
  0.031875   0.516937
  0.033125   0.517171
  0.034375   0.517194
  0.035625   0.517037
  0.036875   0.516732
  0.038125   0.516314
  0.039375   0.515815
  0.040625    0.51527
  0.041875   0.514711
  0.043125   0.514169
  0.044375    0.51367
  0.045625    0.51324
  0.046875     0.5129
  0.048125   0.512664
  0.049375   0.512543
  0.050625   0.512543
  0.051875   0.512665
  0.053125   0.512902
  0.054375   0.513243
  0.055625   0.513674
  0.056875   0.514173
  0.058125   0.514716
  0.059375   0.515276
  0.060625   0.515821
  0.061875    0.51632
  0.063125   0.516739
  0.064375   0.517044
  0.065625   0.517202
  0.066875   0.517179
  0.068125   0.516946
  0.069375   0.516472
  0.070625   0.515731
  0.071875   0.514699
  0.073125   0.513355
  0.074375   0.511682
  0.075625   0.509663
  0.076875   0.507288
  0.078125   0.504545
  0.079375    0.50143
  0.080625   0.497936
  0.081875   0.494062
  0.083125   0.489806
  0.084375   0.485171
  0.085625   0.480159
  0.086875   0.474777
  0.088125   0.469035
  0.089375   0.462953
  0.090625   0.456566
  0.091875   0.449941
  0.093125   0.443211
  0.094375   0.436637
  0.095625   0.430761
  0.096875    0.42673
  0.098125   0.426904
  0.099375   0.416206
