  0.000625    87.6823
  0.001875    32.2883
  0.003125    18.0977
  0.004375    12.5471
  0.005625    9.79673
  0.006875    8.22727
  0.008125    7.24669
  0.009375    6.59546
  0.010625    6.14403
  0.011875    5.82114
  0.013125    5.58445
  0.014375    5.40719
  0.015625    5.27156
  0.016875    5.16519
  0.018125    5.07918
  0.019375    5.00696
  0.020625    4.94355
  0.021875    4.88518
  0.023125    4.82894
  0.024375    4.77265
  0.025625    4.71472
  0.026875    4.65404
  0.028125    4.58994
  0.029375    4.52215
  0.030625    4.45071
  0.031875    4.37598
  0.033125    4.29858
  0.034375    4.21937
  0.035625    4.13936
  0.036875    4.05972
  0.038125    3.98173
  0.039375    3.90669
  0.040625    3.83594
  0.041875    3.77076
  0.043125    3.71238
  0.044375    3.66189
  0.045625    3.62029
  0.046875    3.58835
  0.048125    3.56672
  0.049375     3.5558
  0.050625    3.55581
  0.051875    3.56675
  0.053125    3.58841
  0.054375    3.62037
  0.055625      3.662
  0.056875     3.7125
  0.058125     3.7709
  0.059375     3.8361
  0.060625    3.90687
  0.061875    3.98192
  0.063125    4.05993
  0.064375    4.13958
  0.065625     4.2196
  0.066875    4.29882
  0.068125    4.37622
  0.069375    4.45095
  0.070625     4.5224
  0.071875    4.59019
  0.073125    4.65429
  0.074375    4.71496
  0.075625    4.77289
  0.076875    4.82917
  0.078125    4.88541
  0.079375    4.94378
  0.080625    5.00717
  0.081875    5.07939
  0.083125    5.16538
  0.084375    5.27174
  0.085625    5.40736
  0.086875    5.58461
  0.088125    5.82129
  0.089375    6.14416
  0.090625    6.59556
  0.091875    7.24678
  0.093125    8.22733
  0.094375    9.79674
  0.095625     12.547
  0.096875    18.0976
  0.098125     32.288
  0.099375    87.6819
