  0.000625    6737.54
  0.001875    373.675
  0.003125    185.298
  0.004375    116.496
  0.005625    83.5612
  0.006875    65.5303
  0.008125      54.76
  0.009375     47.941
  0.010625    43.4525
  0.011875    40.4209
  0.013125    38.3382
  0.014375    36.8898
  0.015625    35.8702
  0.016875    35.1387
  0.018125    34.5955
  0.019375    34.1671
  0.020625    33.7978
  0.021875    33.4443
  0.023125    33.0723
  0.024375    32.6543
  0.025625    32.1679
  0.026875    31.5948
  0.028125    30.9201
  0.029375    30.1321
  0.030625    29.2213
  0.031875    28.1809
  0.033125    27.0065
  0.034375    25.6955
  0.035625     24.248
  0.036875    22.6659
  0.038125    20.9532
  0.039375    19.1162
  0.040625    17.1627
  0.041875    15.1026
  0.043125    12.9472
  0.044375    10.7091
  0.045625    8.40195
  0.046875    6.04037
  0.048125    3.63949
  0.049375     1.2149
  0.050625    1.21763
  0.051875    3.64221
  0.053125    6.04306
  0.054375    8.40461
  0.055625    10.7117
  0.056875    12.9498
  0.058125    15.1052
  0.059375    17.1652
  0.060625    19.1185
  0.061875    20.9555
  0.063125    22.6681
  0.064375    24.2501
  0.065625    25.6975
  0.066875    27.0083
  0.068125    28.1827
  0.069375    29.2229
  0.070625    30.1336
  0.071875    30.9215
  0.073125    31.5961
  0.074375    32.1691
  0.075625    32.6554
  0.076875    33.0732
  0.078125    33.4451
  0.079375    33.7985
  0.080625    34.1677
  0.081875     34.596
  0.083125     35.139
  0.084375    35.8703
  0.085625    36.8898
  0.086875     38.338
  0.088125    40.4205
  0.089375    43.4518
  0.090625      47.94
  0.091875    54.7586
  0.093125    65.5284
  0.094375    83.5585
  0.095625    116.492
  0.096875    185.293
  0.098125    373.669
  0.099375    6737.52
