  0.000625   0.265363
  0.001875   0.286944
  0.003125   0.297439
  0.004375   0.311517
  0.005625   0.326493
  0.006875   0.341335
  0.008125   0.355677
  0.009375   0.369391
  0.010625   0.382431
  0.011875   0.394775
  0.013125   0.406411
  0.014375   0.417321
  0.015625   0.427483
  0.016875   0.436874
  0.018125   0.445469
  0.019375   0.453243
  0.020625   0.460171
  0.021875   0.466236
  0.023125   0.471424
  0.024375    0.47573
  0.025625    0.47916
  0.026875   0.481726
  0.028125   0.483454
  0.029375   0.484383
  0.030625   0.484561
  0.031875   0.484049
  0.033125   0.482922
  0.034375   0.481261
  0.035625    0.47916
  0.036875   0.476718
  0.038125    0.47404
  0.039375   0.471233
  0.040625   0.468405
  0.041875   0.465661
  0.043125     0.4631
  0.044375   0.460814
  0.045625   0.458883
  0.046875   0.457373
  0.048125   0.456337
  0.049375   0.455811
  0.050625   0.455812
  0.051875    0.45634
  0.053125   0.457377
  0.054375   0.458888
  0.055625   0.460821
  0.056875   0.463109
  0.058125   0.465671
  0.059375   0.468416
  0.060625   0.471245
  0.061875   0.474053
  0.063125   0.476732
  0.064375   0.479175
  0.065625   0.481277
  0.066875   0.482938
  0.068125   0.484066
  0.069375   0.484577
  0.070625   0.484399
  0.071875   0.483471
  0.073125   0.481742
  0.074375   0.479176
  0.075625   0.475747
  0.076875    0.47144
  0.078125   0.466251
  0.079375   0.460186
  0.080625   0.453257
  0.081875   0.445484
  0.083125   0.436888
  0.084375   0.427496
  0.085625   0.417333
  0.086875   0.406422
  0.088125   0.394786
  0.089375    0.38244
  0.090625     0.3694
  0.091875   0.355685
  0.093125   0.341342
  0.094375   0.326498
  0.095625   0.311521
  0.096875   0.297441
  0.098125   0.286945
  0.099375   0.265363
