  0.000625   0.176909
  0.001875   0.191296
  0.003125   0.198292
  0.004375   0.207678
  0.005625   0.217662
  0.006875   0.227557
  0.008125   0.237118
  0.009375   0.246261
  0.010625   0.254954
  0.011875   0.263184
  0.013125   0.270941
  0.014375   0.278214
  0.015625   0.284989
  0.016875    0.29125
  0.018125    0.29698
  0.019375   0.302162
  0.020625   0.306781
  0.021875   0.310824
  0.023125   0.314283
  0.024375   0.317154
  0.025625    0.31944
  0.026875    0.32115
  0.028125   0.322303
  0.029375   0.322922
  0.030625    0.32304
  0.031875     0.3227
  0.033125   0.321948
  0.034375   0.320841
  0.035625    0.31944
  0.036875   0.317812
  0.038125   0.316026
  0.039375   0.314155
  0.040625    0.31227
  0.041875   0.310441
  0.043125   0.308733
  0.044375   0.307209
  0.045625   0.305922
  0.046875   0.304915
  0.048125   0.304225
  0.049375   0.303874
  0.050625   0.303874
  0.051875   0.304226
  0.053125   0.304918
  0.054375   0.305926
  0.055625   0.307214
  0.056875   0.308739
  0.058125   0.310447
  0.059375   0.312277
  0.060625   0.314163
  0.061875   0.316035
  0.063125   0.317821
  0.064375    0.31945
  0.065625   0.320851
  0.066875   0.321959
  0.068125   0.322711
  0.069375   0.323052
  0.070625   0.322933
  0.071875   0.322314
  0.073125   0.321162
  0.074375   0.319451
  0.075625   0.317165
  0.076875   0.314293
  0.078125   0.310834
  0.079375   0.306791
  0.080625   0.302172
  0.081875   0.296989
  0.083125   0.291259
  0.084375   0.284997
  0.085625   0.278222
  0.086875   0.270948
  0.088125   0.263191
  0.089375    0.25496
  0.090625   0.246267
  0.091875   0.237124
  0.093125   0.227561
  0.094375   0.217666
  0.095625   0.207681
  0.096875   0.198294
  0.098125   0.191297
  0.099375   0.176908
