  0.000625    8.10018
  0.001875    8.74367
  0.003125    9.03437
  0.004375    9.20692
  0.005625    9.32561
  0.006875    9.41582
  0.008125    9.48943
  0.009375    9.55272
  0.010625    9.60929
  0.011875    9.66135
  0.013125    9.71034
  0.014375     9.7572
  0.015625    9.80256
  0.016875    9.84687
  0.018125    9.89041
  0.019375    9.93336
  0.020625    9.97583
  0.021875    10.0179
  0.023125    10.0594
  0.024375    10.1005
  0.025625    10.1411
  0.026875     10.181
  0.028125    10.2201
  0.029375    10.2583
  0.030625    10.2954
  0.031875    10.3313
  0.033125    10.3658
  0.034375    10.3988
  0.035625    10.4301
  0.036875    10.4594
  0.038125    10.4867
  0.039375    10.5118
  0.040625    10.5345
  0.041875    10.5547
  0.043125    10.5723
  0.044375    10.5871
  0.045625    10.5991
  0.046875    10.6081
  0.048125    10.6142
  0.049375    10.6172
  0.050625    10.6172
  0.051875    10.6142
  0.053125    10.6081
  0.054375    10.5991
  0.055625    10.5871
  0.056875    10.5723
  0.058125    10.5547
  0.059375    10.5345
  0.060625    10.5118
  0.061875    10.4867
  0.063125    10.4594
  0.064375      10.43
  0.065625    10.3988
  0.066875    10.3658
  0.068125    10.3313
  0.069375    10.2953
  0.070625    10.2582
  0.071875      10.22
  0.073125    10.1809
  0.074375     10.141
  0.075625    10.1005
  0.076875    10.0594
  0.078125    10.0178
  0.079375    9.97577
  0.080625     9.9333
  0.081875    9.89035
  0.083125    9.84681
  0.084375     9.8025
  0.085625    9.75714
  0.086875    9.71028
  0.088125    9.66129
  0.089375    9.60923
  0.090625    9.55266
  0.091875    9.48938
  0.093125    9.41577
  0.094375    9.32556
  0.095625    9.20687
  0.096875    9.03433
  0.098125    8.74364
  0.099375    8.10016
