  0.000625  -0.486983
  0.001875 -0.0857605
  0.003125 -0.0815234
  0.004375 -0.0810912
  0.005625   -0.08183
  0.006875   -0.08352
  0.008125 -0.0860356
  0.009375 -0.0892643
  0.010625 -0.0930912
  0.011875 -0.0973958
  0.013125  -0.102053
  0.014375  -0.106934
  0.015625  -0.111911
  0.016875  -0.116857
  0.018125  -0.121648
  0.019375  -0.126165
  0.020625  -0.130296
  0.021875  -0.133935
  0.023125  -0.136987
  0.024375  -0.139362
  0.025625  -0.140984
  0.026875  -0.141784
  0.028125  -0.141706
  0.029375  -0.140703
  0.030625  -0.138742
  0.031875  -0.135801
  0.033125  -0.131868
  0.034375  -0.126945
  0.035625  -0.121045
  0.036875  -0.114194
  0.038125  -0.106427
  0.039375 -0.0977925
  0.040625 -0.0883487
  0.041875 -0.0781639
  0.043125 -0.0673158
  0.044375 -0.0558908
  0.045625 -0.0439828
  0.046875 -0.0316922
  0.048125 -0.0191244
  0.049375 -0.00638873
  0.050625 0.00640308
  0.051875  0.0191387
  0.053125  0.0317064
  0.054375  0.0439969
  0.055625  0.0559047
  0.056875  0.0673294
  0.058125  0.0781772
  0.059375  0.0883618
  0.060625  0.0978052
  0.061875   0.106439
  0.063125   0.114206
  0.064375   0.121057
  0.065625   0.126956
  0.066875   0.131878
  0.068125   0.135811
  0.069375   0.138752
  0.070625   0.140712
  0.071875   0.141714
  0.073125   0.141792
  0.074375   0.140992
  0.075625   0.139369
  0.076875   0.136993
  0.078125   0.133941
  0.079375   0.130301
  0.080625    0.12617
  0.081875   0.121652
  0.083125   0.116861
  0.084375   0.111915
  0.085625   0.106937
  0.086875   0.102055
  0.088125  0.0973976
  0.089375  0.0930926
  0.090625  0.0892653
  0.091875  0.0860363
  0.093125  0.0835204
  0.094375  0.0818302
  0.095625  0.0810911
  0.096875  0.0815233
  0.098125  0.0857602
  0.099375   0.486981
