  0.000625   0.420605
  0.001875   0.437374
  0.003125     0.4453
  0.004375   0.455717
  0.005625   0.466542
  0.006875   0.477029
  0.008125   0.486948
  0.009375   0.496247
  0.010625   0.504929
  0.011875   0.513014
  0.013125    0.52052
  0.014375    0.52746
  0.015625   0.533843
  0.016875   0.539676
  0.018125   0.544958
  0.019375   0.549692
  0.020625   0.553878
  0.021875   0.557516
  0.023125   0.560609
  0.024375   0.563164
  0.025625    0.56519
  0.026875   0.566701
  0.028125   0.567717
  0.029375   0.568262
  0.030625   0.568366
  0.031875   0.568066
  0.033125   0.567404
  0.034375   0.566428
  0.035625    0.56519
  0.036875   0.563748
  0.038125   0.562162
  0.039375   0.560495
  0.040625   0.558811
  0.041875   0.557172
  0.043125   0.555638
  0.044375   0.554265
  0.045625   0.553102
  0.046875   0.552191
  0.048125   0.551566
  0.049375   0.551247
  0.050625   0.551248
  0.051875   0.551567
  0.053125   0.552194
  0.054375   0.553105
  0.055625   0.554269
  0.056875   0.555643
  0.058125   0.557178
  0.059375   0.558818
  0.060625   0.560503
  0.061875    0.56217
  0.063125   0.563757
  0.064375   0.565199
  0.065625   0.566437
  0.066875   0.567414
  0.068125   0.568076
  0.069375   0.568376
  0.070625   0.568272
  0.071875   0.567727
  0.073125   0.566711
  0.074375     0.5652
  0.075625   0.563174
  0.076875   0.560619
  0.078125   0.557525
  0.079375   0.553887
  0.080625   0.549701
  0.081875   0.544967
  0.083125   0.539684
  0.084375   0.533851
  0.085625   0.527467
  0.086875   0.520527
  0.088125   0.513021
  0.089375   0.504936
  0.090625   0.496253
  0.091875   0.486953
  0.093125   0.477034
  0.094375   0.466546
  0.095625    0.45572
  0.096875   0.445302
  0.098125   0.437375
  0.099375   0.420605
