  0.000625    82.4404
  0.001875    31.7567
  0.003125    17.4981
  0.004375    11.5948
  0.005625    8.54236
  0.006875    6.74779
  0.008125    5.60032
  0.009375    4.82133
  0.010625    4.26798
  0.011875    3.86062
  0.013125    3.55188
  0.014375     3.3121
  0.015625    3.12191
  0.016875    2.96818
  0.018125    2.84177
  0.019375    2.73612
  0.020625    2.64646
  0.021875    2.56922
  0.023125    2.50173
  0.024375    2.44195
  0.025625    2.38833
  0.026875    2.33968
  0.028125    2.29509
  0.029375    2.25388
  0.030625    2.21555
  0.031875    2.17975
  0.033125    2.14624
  0.034375    2.11486
  0.035625    2.08554
  0.036875    2.05827
  0.038125    2.03308
  0.039375    2.01002
  0.040625    1.98917
  0.041875    1.97064
  0.043125    1.95453
  0.044375    1.94092
  0.045625    1.92992
  0.046875     1.9216
  0.048125    1.91601
  0.049375    1.91321
  0.050625    1.91322
  0.051875    1.91602
  0.053125    1.92162
  0.054375    1.92995
  0.055625    1.94096
  0.056875    1.95458
  0.058125     1.9707
  0.059375    1.98924
  0.060625    2.01009
  0.061875    2.03315
  0.063125    2.05835
  0.064375    2.08563
  0.065625    2.11495
  0.066875    2.14633
  0.068125    2.17985
  0.069375    2.21566
  0.070625    2.25398
  0.071875    2.29519
  0.073125    2.33979
  0.074375    2.38844
  0.075625    2.44206
  0.076875    2.50184
  0.078125    2.56933
  0.079375    2.64656
  0.080625    2.73622
  0.081875    2.84186
  0.083125    2.96827
  0.084375    3.12199
  0.085625    3.31218
  0.086875    3.55194
  0.088125    3.86067
  0.089375    4.26802
  0.090625    4.82136
  0.091875    5.60032
  0.093125    6.74776
  0.094375    8.54229
  0.095625    11.5946
  0.096875    17.4979
  0.098125    31.7564
  0.099375    82.4401
