  0.000625    6711.79
  0.001875    415.032
  0.003125    223.017
  0.004375    145.571
  0.005625    103.925
  0.006875    78.8329
  0.008125     62.629
  0.009375    51.6455
  0.010625    43.9209
  0.011875    38.3243
  0.013125     34.166
  0.014375    31.0063
  0.015625    28.5544
  0.016875    26.6114
  0.018125    25.0378
  0.019375    23.7328
  0.020625    22.6224
  0.021875     21.651
  0.023125    20.7762
  0.024375    19.9652
  0.025625    19.1925
  0.026875    18.4382
  0.028125    17.6866
  0.029375    16.9254
  0.030625    16.1452
  0.031875    15.3387
  0.033125    14.5008
  0.034375    13.6278
  0.035625    12.7178
  0.036875    11.7696
  0.038125    10.7835
  0.039375    9.76061
  0.040625    8.70278
  0.041875    7.61263
  0.043125    6.49334
  0.044375    5.34861
  0.045625    4.18254
  0.046875    2.99954
  0.048125    1.80429
  0.049375    0.60161
  0.050625   0.603552
  0.051875    1.80622
  0.053125    3.00147
  0.054375    4.18445
  0.055625     5.3505
  0.056875    6.49521
  0.058125    7.61446
  0.059375    8.70458
  0.060625    9.76237
  0.061875    10.7852
  0.063125    11.7713
  0.064375    12.7194
  0.065625    13.6294
  0.066875    14.5022
  0.068125    15.3401
  0.069375    16.1465
  0.070625    16.9267
  0.071875    17.6878
  0.073125    18.4393
  0.074375    19.1935
  0.075625    19.9661
  0.076875    20.7769
  0.078125    21.6517
  0.079375     22.623
  0.080625    23.7332
  0.081875     25.038
  0.083125    26.6115
  0.084375    28.5543
  0.085625     31.006
  0.086875    34.1655
  0.088125    38.3235
  0.089375    43.9198
  0.090625     51.644
  0.091875    62.6271
  0.093125    78.8305
  0.094375    103.922
  0.095625    145.567
  0.096875    223.013
  0.098125    415.028
  0.099375    6711.78
