  0.000625   0.254682
  0.001875    0.26333
  0.003125   0.255121
  0.004375   0.252825
  0.005625   0.253827
  0.006875   0.256736
  0.008125   0.260761
  0.009375   0.265422
  0.010625   0.270414
  0.011875   0.275537
  0.013125   0.280658
  0.014375   0.285685
  0.015625   0.290553
  0.016875   0.295213
  0.018125   0.299632
  0.019375   0.303784
  0.020625    0.30765
  0.021875   0.311218
  0.023125   0.314479
  0.024375   0.317431
  0.025625   0.320074
  0.026875   0.322411
  0.028125   0.324451
  0.029375   0.326205
  0.030625   0.327688
  0.031875   0.328916
  0.033125   0.329908
  0.034375   0.330687
  0.035625   0.331276
  0.036875   0.331699
  0.038125    0.33198
  0.039375   0.332146
  0.040625   0.332221
  0.041875   0.332228
  0.043125   0.332189
  0.044375   0.332124
  0.045625    0.33205
  0.046875   0.331981
  0.048125    0.33193
  0.049375   0.331902
  0.050625   0.331903
  0.051875   0.331931
  0.053125   0.331983
  0.054375   0.332053
  0.055625   0.332127
  0.056875   0.332193
  0.058125   0.332233
  0.059375   0.332227
  0.060625   0.332153
  0.061875   0.331988
  0.063125   0.331706
  0.064375   0.331284
  0.065625   0.330696
  0.066875   0.329917
  0.068125   0.328925
  0.069375   0.327697
  0.070625   0.326215
  0.071875   0.324461
  0.073125   0.322421
  0.074375   0.320084
  0.075625   0.317441
  0.076875   0.314489
  0.078125   0.311228
  0.079375   0.307659
  0.080625   0.303793
  0.081875   0.299641
  0.083125   0.295222
  0.084375   0.290561
  0.085625   0.285693
  0.086875   0.280666
  0.088125   0.275544
  0.089375    0.27042
  0.090625   0.265428
  0.091875   0.260766
  0.093125    0.25674
  0.094375    0.25383
  0.095625   0.252827
  0.096875   0.255121
  0.098125   0.263329
  0.099375   0.254681
