  0.000625   0.169788
  0.001875   0.175553
  0.003125   0.170081
  0.004375    0.16855
  0.005625   0.169218
  0.006875   0.171157
  0.008125   0.173841
  0.009375   0.176948
  0.010625   0.180276
  0.011875   0.183692
  0.013125   0.187106
  0.014375   0.190457
  0.015625   0.193702
  0.016875   0.196809
  0.018125   0.199755
  0.019375   0.202522
  0.020625     0.2051
  0.021875   0.207479
  0.023125   0.209653
  0.024375   0.211621
  0.025625   0.213382
  0.026875   0.214941
  0.028125   0.216301
  0.029375    0.21747
  0.030625   0.218459
  0.031875   0.219277
  0.033125   0.219939
  0.034375   0.220458
  0.035625   0.220851
  0.036875   0.221132
  0.038125    0.22132
  0.039375   0.221431
  0.040625   0.221481
  0.041875   0.221485
  0.043125   0.221459
  0.044375   0.221416
  0.045625   0.221366
  0.046875   0.221321
  0.048125   0.221286
  0.049375   0.221268
  0.050625   0.221268
  0.051875   0.221287
  0.053125   0.221322
  0.054375   0.221368
  0.055625   0.221418
  0.056875   0.221462
  0.058125   0.221489
  0.059375   0.221485
  0.060625   0.221435
  0.061875   0.221325
  0.063125   0.221138
  0.064375   0.220856
  0.065625   0.220464
  0.066875   0.219945
  0.068125   0.219283
  0.069375   0.218465
  0.070625   0.217477
  0.071875   0.216307
  0.073125   0.214947
  0.074375   0.213389
  0.075625   0.211627
  0.076875    0.20966
  0.078125   0.207485
  0.079375   0.205106
  0.080625   0.202529
  0.081875   0.199761
  0.083125   0.196814
  0.084375   0.193707
  0.085625   0.190462
  0.086875    0.18711
  0.088125   0.183696
  0.089375    0.18028
  0.090625   0.176952
  0.091875   0.173844
  0.093125    0.17116
  0.094375    0.16922
  0.095625   0.168551
  0.096875   0.170081
  0.098125   0.175553
  0.099375   0.169788
