  0.000625  -0.475268
  0.001875 -0.0815622
  0.003125 -0.0746591
  0.004375 -0.0722264
  0.005625 -0.0705438
  0.006875 -0.0693047
  0.008125 -0.0684371
  0.009375 -0.0679177
  0.010625 -0.0677252
  0.011875 -0.0678299
  0.013125 -0.0681922
  0.014375 -0.0687645
  0.015625 -0.0694935
  0.016875  -0.070322
  0.018125 -0.0711911
  0.019375  -0.072042
  0.020625 -0.0728167
  0.021875 -0.0734596
  0.023125 -0.0739183
  0.024375 -0.0741443
  0.025625 -0.0740935
  0.026875 -0.0737269
  0.028125 -0.0730108
  0.029375 -0.0719174
  0.030625 -0.0704244
  0.031875  -0.068516
  0.033125 -0.0661823
  0.034375 -0.0634195
  0.035625 -0.0602301
  0.036875 -0.0566225
  0.038125 -0.0526107
  0.039375 -0.0482147
  0.040625 -0.0434592
  0.041875 -0.0383743
  0.043125 -0.0329943
  0.044375 -0.0273574
  0.045625 -0.0215055
  0.046875 -0.0154833
  0.048125 -0.00933775
  0.049375 -0.00311756
  0.050625 0.00312762
  0.051875 0.00934778
  0.053125  0.0154933
  0.054375  0.0215154
  0.055625  0.0273671
  0.056875  0.0330039
  0.058125  0.0383837
  0.059375  0.0434684
  0.060625  0.0482236
  0.061875  0.0526194
  0.063125  0.0566308
  0.064375  0.0602382
  0.065625  0.0634273
  0.066875  0.0661897
  0.068125  0.0685231
  0.069375  0.0704311
  0.070625  0.0719237
  0.071875  0.0730167
  0.073125  0.0737324
  0.074375  0.0740985
  0.075625  0.0741489
  0.076875  0.0739225
  0.078125  0.0734634
  0.079375  0.0728201
  0.080625   0.072045
  0.081875  0.0711938
  0.083125  0.0703242
  0.084375  0.0694954
  0.085625  0.0687661
  0.086875  0.0681934
  0.088125  0.0678308
  0.089375  0.0677258
  0.090625  0.0679181
  0.091875  0.0684373
  0.093125  0.0693047
  0.094375  0.0705438
  0.095625  0.0722262
  0.096875  0.0746589
  0.098125  0.0815619
  0.099375   0.475266
