  0.000625   0.412054
  0.001875   0.418991
  0.003125   0.412408
  0.004375   0.410549
  0.005625   0.411361
  0.006875   0.413712
  0.008125   0.416942
  0.009375   0.420652
  0.010625   0.424589
  0.011875   0.428592
  0.013125   0.432557
  0.014375   0.436414
  0.015625   0.440116
  0.016875   0.443631
  0.018125   0.446939
  0.019375   0.450025
  0.020625    0.45288
  0.021875   0.455498
  0.023125   0.457879
  0.024375   0.460023
  0.025625   0.461933
  0.026875   0.463617
  0.028125   0.465082
  0.029375   0.466337
  0.030625   0.467395
  0.031875    0.46827
  0.033125   0.468976
  0.034375    0.46953
  0.035625   0.469947
  0.036875   0.470247
  0.038125   0.470447
  0.039375   0.470565
  0.040625   0.470617
  0.041875   0.470622
  0.043125   0.470594
  0.044375   0.470548
  0.045625   0.470496
  0.046875   0.470448
  0.048125   0.470411
  0.049375   0.470391
  0.050625   0.470392
  0.051875   0.470412
  0.053125   0.470449
  0.054375   0.470498
  0.055625   0.470551
  0.056875   0.470598
  0.058125   0.470626
  0.059375   0.470622
  0.060625   0.470569
  0.061875   0.470452
  0.063125   0.470253
  0.064375   0.469953
  0.065625   0.469536
  0.066875   0.468983
  0.068125   0.468277
  0.069375   0.467402
  0.070625   0.466344
  0.071875   0.465089
  0.073125   0.463624
  0.074375   0.461941
  0.075625    0.46003
  0.076875   0.457886
  0.078125   0.455505
  0.079375   0.452887
  0.080625   0.450032
  0.081875   0.446946
  0.083125   0.443638
  0.084375   0.440122
  0.085625    0.43642
  0.086875   0.432563
  0.088125   0.428598
  0.089375   0.424594
  0.090625   0.420656
  0.091875   0.416946
  0.093125   0.413714
  0.094375   0.411363
  0.095625    0.41055
  0.096875   0.412409
  0.098125    0.41899
  0.099375   0.412053
