  0.000625    90.3043
  0.001875    31.8068
  0.003125    19.7135
  0.004375    15.5804
  0.005625    13.8414
  0.006875    13.0974
  0.008125    12.8543
  0.009375    12.8918
  0.010625    13.0924
  0.011875    13.3836
  0.013125    13.7151
  0.014375    14.0495
  0.015625    14.3578
  0.016875    14.6174
  0.018125    14.8111
  0.019375    14.9271
  0.020625    14.9584
  0.021875    14.9021
  0.023125    14.7595
  0.024375    14.5352
  0.025625    14.2362
  0.026875    13.8713
  0.028125      13.45
  0.029375    12.9821
  0.030625    12.4766
  0.031875    11.9412
  0.033125    11.3821
  0.034375     10.804
  0.035625    10.2102
  0.036875    9.60332
  0.038125    8.98625
  0.039375    8.36323
  0.040625     7.7412
  0.041875    7.13092
  0.043125    6.54759
  0.044375    6.01069
  0.045625    5.54264
  0.046875    5.16646
  0.048125    4.90273
  0.049375    4.76681
  0.050625    4.76685
  0.051875    4.90285
  0.053125    5.16665
  0.054375    5.54289
  0.055625    6.01097
  0.056875    6.54789
  0.058125    7.13122
  0.059375     7.7415
  0.060625    8.36351
  0.061875    8.98651
  0.063125    9.60356
  0.064375    10.2104
  0.065625    10.8042
  0.066875    11.3823
  0.068125    11.9414
  0.069375    12.4768
  0.070625    12.9824
  0.071875    13.4503
  0.073125    13.8715
  0.074375    14.2365
  0.075625    14.5355
  0.076875    14.7598
  0.078125    14.9024
  0.079375    14.9586
  0.080625    14.9274
  0.081875    14.8114
  0.083125    14.6176
  0.084375    14.3581
  0.085625    14.0498
  0.086875    13.7153
  0.088125    13.3838
  0.089375    13.0926
  0.090625     12.892
  0.091875    12.8545
  0.093125    13.0975
  0.094375    13.8415
  0.095625    15.5805
  0.096875    19.7135
  0.098125    31.8066
  0.099375    90.3038
