  0.000625    6377.29
  0.001875    277.584
  0.003125    128.887
  0.004375    86.1605
  0.005625    70.4163
  0.006875    64.4437
  0.008125    62.8497
  0.009375    63.4551
  0.010625    65.1985
  0.011875    67.4876
  0.013125      69.96
  0.014375    72.3814
  0.015625    74.5982
  0.016875     76.512
  0.018125    78.0651
  0.019375    79.2306
  0.020625    80.0063
  0.021875     80.409
  0.023125    80.4705
  0.024375    80.2336
  0.025625     79.748
  0.026875    79.0666
  0.028125    78.2405
  0.029375    77.3141
  0.030625    76.3194
  0.031875    75.2701
  0.033125    74.1558
  0.034375    72.9365
  0.035625    71.5388
  0.036875    69.8541
  0.038125    67.7395
  0.039375     65.023
  0.040625    61.5136
  0.041875    57.0186
  0.043125    51.3686
  0.044375    44.4514
  0.045625    36.2486
  0.046875    26.8634
  0.048125     16.527
  0.049375    5.57649
  0.050625    5.58572
  0.051875    16.5359
  0.053125    26.8716
  0.054375    36.2558
  0.055625    44.4576
  0.056875    51.3736
  0.058125    57.0225
  0.059375    61.5166
  0.060625    65.0251
  0.061875     67.741
  0.063125     69.855
  0.064375    71.5394
  0.065625    72.9368
  0.066875    74.1559
  0.068125    75.2702
  0.069375    76.3194
  0.070625    77.3142
  0.071875    78.2407
  0.073125    79.0668
  0.074375    79.7483
  0.075625    80.2339
  0.076875    80.4708
  0.078125    80.4094
  0.079375    80.0067
  0.080625     79.231
  0.081875    78.0654
  0.083125    76.5124
  0.084375    74.5985
  0.085625    72.3817
  0.086875    69.9602
  0.088125    67.4877
  0.089375    65.1985
  0.090625    63.4549
  0.091875    62.8493
  0.093125    64.4431
  0.094375    70.4153
  0.095625    86.1588
  0.096875    128.884
  0.098125    277.578
  0.099375    6377.24
