  0.000625   0.270564
  0.001875   0.328884
  0.003125   0.378008
  0.004375    0.42179
  0.005625   0.461668
  0.006875   0.498736
  0.008125   0.533547
  0.009375   0.566276
  0.010625   0.596859
  0.011875   0.625081
  0.013125   0.650649
  0.014375   0.673239
  0.015625   0.692543
  0.016875   0.708298
  0.018125   0.720309
  0.019375   0.728467
  0.020625   0.732754
  0.021875   0.733245
  0.023125     0.7301
  0.024375   0.723552
  0.025625   0.713893
  0.026875   0.701453
  0.028125   0.686581
  0.029375   0.669624
  0.030625   0.650908
  0.031875   0.630722
  0.033125   0.609314
  0.034375   0.586883
  0.035625   0.563589
  0.036875   0.539573
  0.038125   0.514987
  0.039375   0.490028
  0.040625   0.464992
  0.041875   0.440311
  0.043125   0.416593
  0.044375   0.394625
  0.045625   0.375341
  0.046875    0.35973
  0.048125   0.348717
  0.049375   0.343017
  0.050625   0.343019
  0.051875   0.348722
  0.053125   0.359738
  0.054375   0.375351
  0.055625   0.394637
  0.056875   0.416605
  0.058125   0.440323
  0.059375   0.465004
  0.060625   0.490039
  0.061875   0.514997
  0.063125   0.539583
  0.064375   0.563598
  0.065625   0.586892
  0.066875   0.609323
  0.068125   0.630731
  0.069375   0.650917
  0.070625   0.669633
  0.071875   0.686591
  0.073125   0.701463
  0.074375   0.713903
  0.075625   0.723562
  0.076875   0.730111
  0.078125   0.733256
  0.079375   0.732765
  0.080625   0.728478
  0.081875    0.72032
  0.083125   0.708309
  0.084375   0.692554
  0.085625   0.673249
  0.086875   0.650658
  0.088125   0.625091
  0.089375   0.596868
  0.090625   0.566284
  0.091875   0.533554
  0.093125   0.498742
  0.094375   0.461674
  0.095625   0.421794
  0.096875   0.378012
  0.098125   0.328886
  0.099375   0.270563
