  0.000625   0.180376
  0.001875   0.219256
  0.003125   0.252005
  0.004375   0.281193
  0.005625   0.307779
  0.006875   0.332491
  0.008125   0.355698
  0.009375   0.377518
  0.010625   0.397906
  0.011875   0.416721
  0.013125   0.433766
  0.014375   0.448826
  0.015625   0.461695
  0.016875   0.472198
  0.018125   0.480206
  0.019375   0.485645
  0.020625   0.488503
  0.021875    0.48883
  0.023125   0.486733
  0.024375   0.482368
  0.025625   0.475928
  0.026875   0.467635
  0.028125   0.457721
  0.029375   0.446416
  0.030625   0.433938
  0.031875   0.420482
  0.033125   0.406209
  0.034375   0.391255
  0.035625   0.375726
  0.036875   0.359715
  0.038125   0.343324
  0.039375   0.326685
  0.040625   0.309994
  0.041875    0.29354
  0.043125   0.277729
  0.044375   0.263084
  0.045625   0.250227
  0.046875    0.23982
  0.048125   0.232478
  0.049375   0.228678
  0.050625   0.228679
  0.051875   0.232482
  0.053125   0.239825
  0.054375   0.250234
  0.055625   0.263091
  0.056875   0.277737
  0.058125   0.293549
  0.059375   0.310002
  0.060625   0.326693
  0.061875   0.343331
  0.063125   0.359722
  0.064375   0.375732
  0.065625   0.391261
  0.066875   0.406215
  0.068125   0.420487
  0.069375   0.433944
  0.070625   0.446422
  0.071875   0.457727
  0.073125   0.467642
  0.074375   0.475935
  0.075625   0.482375
  0.076875    0.48674
  0.078125   0.488837
  0.079375    0.48851
  0.080625   0.485652
  0.081875   0.480213
  0.083125   0.472206
  0.084375   0.461702
  0.085625   0.448833
  0.086875   0.433772
  0.088125   0.416727
  0.089375   0.397912
  0.090625   0.377523
  0.091875   0.355703
  0.093125   0.332495
  0.094375   0.307782
  0.095625   0.281196
  0.096875   0.252008
  0.098125   0.219257
  0.099375   0.180376
