  0.000625    7.72483
  0.001875    8.21839
  0.003125    8.41879
  0.004375    8.54061
  0.005625    8.63419
  0.006875    8.71665
  0.008125     8.7953
  0.009375    8.87377
  0.010625    8.95394
  0.011875    9.03677
  0.013125    9.12266
  0.014375    9.21167
  0.015625    9.30361
  0.016875    9.39816
  0.018125    9.49489
  0.019375    9.59332
  0.020625    9.69297
  0.021875    9.79334
  0.023125    9.89399
  0.024375    9.99452
  0.025625    10.0946
  0.026875    10.1939
  0.028125    10.2922
  0.029375    10.3895
  0.030625    10.4855
  0.031875    10.5803
  0.033125    10.6737
  0.034375    10.7657
  0.035625     10.856
  0.036875    10.9445
  0.038125    11.0307
  0.039375    11.1139
  0.040625    11.1932
  0.041875    11.2677
  0.043125    11.3358
  0.044375    11.3961
  0.045625    11.4469
  0.046875    11.4867
  0.048125    11.5141
  0.049375     11.528
  0.050625     11.528
  0.051875    11.5141
  0.053125    11.4867
  0.054375    11.4469
  0.055625     11.396
  0.056875    11.3357
  0.058125    11.2676
  0.059375    11.1932
  0.060625    11.1138
  0.061875    11.0306
  0.063125    10.9445
  0.064375     10.856
  0.065625    10.7656
  0.066875    10.6736
  0.068125    10.5802
  0.069375    10.4855
  0.070625    10.3894
  0.071875    10.2922
  0.073125    10.1938
  0.074375    10.0945
  0.075625    9.99444
  0.076875    9.89392
  0.078125    9.79327
  0.079375    9.69289
  0.080625    9.59325
  0.081875    9.49482
  0.083125    9.39809
  0.084375    9.30354
  0.085625    9.21159
  0.086875    9.12258
  0.088125    9.03669
  0.089375    8.95386
  0.090625    8.87369
  0.091875    8.79523
  0.093125    8.71657
  0.094375    8.63412
  0.095625    8.54053
  0.096875    8.41872
  0.098125    8.21832
  0.099375    7.72478
