  0.000625  -0.465277
  0.001875 -0.0849578
  0.003125 -0.0840795
  0.004375 -0.0885448
  0.005625 -0.0975878
  0.006875  -0.110149
  0.008125  -0.125269
  0.009375  -0.142053
  0.010625  -0.159663
  0.011875  -0.177324
  0.013125  -0.194351
  0.014375  -0.210158
  0.015625  -0.224273
  0.016875  -0.236339
  0.018125  -0.246122
  0.019375  -0.253501
  0.020625  -0.258464
  0.021875  -0.261095
  0.023125   -0.26156
  0.024375  -0.260086
  0.025625  -0.256941
  0.026875  -0.252416
  0.028125  -0.246794
  0.029375  -0.240335
  0.030625  -0.233249
  0.031875  -0.225681
  0.033125  -0.217695
  0.034375   -0.20927
  0.035625  -0.200297
  0.036875  -0.190596
  0.038125  -0.179928
  0.039375  -0.168026
  0.040625  -0.154631
  0.041875  -0.139519
  0.043125  -0.122541
  0.044375  -0.103651
  0.045625 -0.0829216
  0.046875 -0.0605569
  0.048125 -0.0368932
  0.049375 -0.0123882
  0.050625  0.0124087
  0.051875  0.0369131
  0.053125  0.0605758
  0.054375  0.0829389
  0.055625   0.103667
  0.056875   0.122555
  0.058125    0.13953
  0.059375    0.15464
  0.060625   0.168034
  0.061875   0.179934
  0.063125   0.190601
  0.064375   0.200301
  0.065625   0.209273
  0.066875   0.217698
  0.068125   0.225683
  0.069375   0.233252
  0.070625   0.240338
  0.071875   0.246797
  0.073125   0.252419
  0.074375   0.256945
  0.075625    0.26009
  0.076875   0.261564
  0.078125   0.261099
  0.079375   0.258468
  0.080625   0.253504
  0.081875   0.246125
  0.083125   0.236343
  0.084375   0.224276
  0.085625   0.210162
  0.086875   0.194354
  0.088125   0.177327
  0.089375   0.159665
  0.090625   0.142055
  0.091875    0.12527
  0.093125    0.11015
  0.094375  0.0975879
  0.095625  0.0885446
  0.096875  0.0840791
  0.098125  0.0849573
  0.099375   0.465272
