  0.000625   0.424707
  0.001875   0.468248
  0.003125   0.502001
  0.004375   0.530277
  0.005625   0.554778
  0.006875    0.57662
  0.008125   0.596404
  0.009375   0.614425
  0.010625   0.630798
  0.011875   0.645539
  0.013125   0.658609
  0.014375   0.669945
  0.015625   0.679482
  0.016875   0.687167
  0.018125   0.692969
  0.019375   0.696882
  0.020625    0.69893
  0.021875   0.699164
  0.023125   0.697663
  0.024375   0.694527
  0.025625   0.689876
  0.026875   0.683839
  0.028125   0.676551
  0.029375   0.668144
  0.030625    0.65874
  0.031875   0.648446
  0.033125   0.637346
  0.034375   0.625504
  0.035625   0.612965
  0.036875   0.599763
  0.038125   0.585939
  0.039375   0.571564
  0.040625   0.556771
  0.041875   0.541794
  0.043125      0.527
  0.044375   0.512917
  0.045625   0.500227
  0.046875   0.489714
  0.048125    0.48216
  0.049375   0.478203
  0.050625   0.478204
  0.051875   0.482163
  0.053125    0.48972
  0.054375   0.500234
  0.055625   0.512924
  0.056875   0.527007
  0.058125   0.541801
  0.059375   0.556779
  0.060625   0.571571
  0.061875   0.585945
  0.063125   0.599768
  0.064375    0.61297
  0.065625   0.625509
  0.066875    0.63735
  0.068125    0.64845
  0.069375   0.658745
  0.070625   0.668148
  0.071875   0.676555
  0.073125   0.683843
  0.074375   0.689881
  0.075625   0.694532
  0.076875   0.697668
  0.078125   0.699169
  0.079375   0.698935
  0.080625   0.696887
  0.081875   0.692974
  0.083125   0.687172
  0.084375   0.679487
  0.085625    0.66995
  0.086875   0.658614
  0.088125   0.645544
  0.089375   0.630803
  0.090625   0.614429
  0.091875   0.596408
  0.093125   0.576624
  0.094375   0.554781
  0.095625   0.530279
  0.096875   0.502004
  0.098125   0.468249
  0.099375   0.424706
